FTOF 1 1 1 10.0 1.4 0.0 0.0 
FTOF 1 1 2 10.0 1.4 0.0 0.0 
FTOF 1 1 3 10.0 1.4 0.0 0.0 
FTOF 1 1 4 10.0 1.4 0.0 0.0 
FTOF 1 1 5 10.0 1.4 0.0 0.0 
FTOF 1 1 6 10.0 1.4 0.0 0.0 
FTOF 1 1 7 10.0 1.4 0.0 0.0 
FTOF 1 1 8 10.0 1.4 0.0 0.0 
FTOF 1 1 9 10.0 1.4 0.0 0.0 
FTOF 1 1 10 10.0 1.4 0.0 0.0 
FTOF 1 1 11 10.0 1.4 0.0 0.0 
FTOF 1 1 12 10.0 1.4 0.0 0.0 
FTOF 1 1 13 10.0 1.4 0.0 0.0 
FTOF 1 1 14 10.0 1.4 0.0 0.0 
FTOF 1 1 15 10.0 1.4 0.0 0.0 
FTOF 1 1 16 10.0 1.4 0.0 0.0 
FTOF 1 1 17 10.0 1.4 0.0 0.0 
FTOF 1 1 18 10.0 1.4 0.0 0.0 
FTOF 1 1 19 10.0 1.4 0.0 0.0 
FTOF 1 1 20 10.0 1.4 0.0 0.0 
FTOF 1 1 21 10.0 1.4 0.0 0.0 
FTOF 1 1 22 10.0 1.4 0.0 0.0 
FTOF 1 1 23 10.0 1.4 0.0 0.0 
FTOF 1 2 1 13.3 1.4 0.0 0.0 
FTOF 1 2 2 13.3 1.4 0.0 0.0 
FTOF 1 2 3 13.3 1.4 0.0 0.0 
FTOF 1 2 4 13.3 1.4 0.0 0.0 
FTOF 1 2 5 13.3 1.4 0.0 0.0 
FTOF 1 2 6 13.3 1.4 0.0 0.0 
FTOF 1 2 7 13.3 1.4 0.0 0.0 
FTOF 1 2 8 13.3 1.4 0.0 0.0 
FTOF 1 2 9 13.3 1.4 0.0 0.0 
FTOF 1 2 10 13.3 1.4 0.0 0.0 
FTOF 1 2 11 13.3 1.4 0.0 0.0 
FTOF 1 2 12 13.3 1.4 0.0 0.0 
FTOF 1 2 13 13.3 1.4 0.0 0.0 
FTOF 1 2 14 13.3 1.4 0.0 0.0 
FTOF 1 2 15 13.3 1.4 0.0 0.0 
FTOF 1 2 16 13.3 1.4 0.0 0.0 
FTOF 1 2 17 13.3 1.4 0.0 0.0 
FTOF 1 2 18 13.3 1.4 0.0 0.0 
FTOF 1 2 19 13.3 1.4 0.0 0.0 
FTOF 1 2 20 13.3 1.4 0.0 0.0 
FTOF 1 2 21 13.3 1.4 0.0 0.0 
FTOF 1 2 22 13.3 1.4 0.0 0.0 
FTOF 1 2 23 13.3 1.4 0.0 0.0 
FTOF 1 2 24 13.3 1.4 0.0 0.0 
FTOF 1 2 25 13.3 1.4 0.0 0.0 
FTOF 1 2 26 13.3 1.4 0.0 0.0 
FTOF 1 2 27 13.3 1.4 0.0 0.0 
FTOF 1 2 28 13.3 1.4 0.0 0.0 
FTOF 1 2 29 13.3 1.4 0.0 0.0 
FTOF 1 2 30 13.3 1.4 0.0 0.0 
FTOF 1 2 31 13.3 1.4 0.0 0.0 
FTOF 1 2 32 13.3 1.4 0.0 0.0 
FTOF 1 2 33 13.3 1.4 0.0 0.0 
FTOF 1 2 34 13.3 1.4 0.0 0.0 
FTOF 1 2 35 13.3 1.4 0.0 0.0 
FTOF 1 2 36 13.3 1.4 0.0 0.0 
FTOF 1 2 37 13.3 1.4 0.0 0.0 
FTOF 1 2 38 13.3 1.4 0.0 0.0 
FTOF 1 2 39 13.3 1.4 0.0 0.0 
FTOF 1 2 40 13.3 1.4 0.0 0.0 
FTOF 1 2 41 13.3 1.4 0.0 0.0 
FTOF 1 2 42 13.3 1.4 0.0 0.0 
FTOF 1 2 43 13.3 1.4 0.0 0.0 
FTOF 1 2 44 13.3 1.4 0.0 0.0 
FTOF 1 2 45 13.3 1.4 0.0 0.0 
FTOF 1 2 46 13.3 1.4 0.0 0.0 
FTOF 1 2 47 13.3 1.4 0.0 0.0 
FTOF 1 2 48 13.3 1.4 0.0 0.0 
FTOF 1 2 49 13.3 1.4 0.0 0.0 
FTOF 1 2 50 13.3 1.4 0.0 0.0 
FTOF 1 2 51 13.3 1.4 0.0 0.0 
FTOF 1 2 52 13.3 1.4 0.0 0.0 
FTOF 1 2 53 13.3 1.4 0.0 0.0 
FTOF 1 2 54 13.3 1.4 0.0 0.0 
FTOF 1 2 55 13.3 1.4 0.0 0.0 
FTOF 1 2 56 13.3 1.4 0.0 0.0 
FTOF 1 2 57 13.3 1.4 0.0 0.0 
FTOF 1 2 58 13.3 1.4 0.0 0.0 
FTOF 1 2 59 13.3 1.4 0.0 0.0 
FTOF 1 2 60 13.3 1.4 0.0 0.0 
FTOF 1 2 61 13.3 1.4 0.0 0.0 
FTOF 1 2 62 13.3 1.4 0.0 0.0 
FTOF 1 3 1 10.0 1.4 0.0 0.0 
FTOF 1 3 2 10.0 1.4 0.0 0.0 
FTOF 1 3 3 10.0 1.4 0.0 0.0 
FTOF 1 3 4 10.0 1.4 0.0 0.0 
FTOF 1 3 5 10.0 1.4 0.0 0.0 
FTOF 2 1 1 810.6 16.4 0.05 0.006 
FTOF 2 1 2 756.9 9.4 -0.016 0.006 
FTOF 2 1 3 726.0 9.1 -0.002 0.009 
FTOF 2 1 4 792.5 6.5 0.029 0.006 
FTOF 2 1 5 758.5 5.6 0.022 0.008 
FTOF 2 1 6 584.6 4.5 0.622 0.009 
FTOF 2 1 7 786.9 4.6 0.001 0.006 
FTOF 2 1 8 792.4 4.8 0.042 0.006 
FTOF 2 1 9 783.2 4.6 -0.082 0.006 
FTOF 2 1 10 777.8 3.9 -0.079 0.006 
FTOF 2 1 11 791.5 3.4 -0.032 0.005 
FTOF 2 1 12 775.2 3.4 -0.003 0.009 
FTOF 2 1 13 797.7 2.6 0.016 0.006 
FTOF 2 1 14 789.8 2.3 -0.127 0.005 
FTOF 2 1 15 784.9 2.3 -0.074 0.006 
FTOF 2 1 16 769.9 2.1 0.023 0.005 
FTOF 2 1 17 761.8 2.1 -0.014 0.005 
FTOF 2 1 18 783.0 2.0 -0.047 0.004 
FTOF 2 1 19 795.4 1.8 -0.137 0.004 
FTOF 2 1 20 805.8 1.8 0.013 0.005 
FTOF 2 1 21 778.2 1.5 0.14 0.005 
FTOF 2 1 22 775.4 2.1 0.042 0.006 
FTOF 2 1 23 803.0 15.0 0.069 0.01 
FTOF 2 2 1 1940.1 26.2 -0.006 0.006 
FTOF 2 2 2 1935.8 21.6 0.119 0.005 
FTOF 2 2 3 1997.5 22.8 -0.01 0.004 
FTOF 2 2 4 1972.4 21.1 -0.045 0.007 
FTOF 2 2 5 2001.2 18.1 0.017 0.005 
FTOF 2 2 6 2011.2 14.9 -0.036 0.005 
FTOF 2 2 7 1988.1 15.9 -0.065 0.005 
FTOF 2 2 8 2020.4 11.6 -0.052 0.006 
FTOF 2 2 9 1935.7 11.5 -0.017 0.005 
FTOF 2 2 10 1949.4 12.1 0.0 0.004 
FTOF 2 2 11 1993.2 12.2 0.013 0.004 
FTOF 2 2 12 1955.2 11.8 0.026 0.004 
FTOF 2 2 13 1932.4 10.6 0.014 0.005 
FTOF 2 2 14 2109.9 12.2 0.036 0.006 
FTOF 2 2 15 1995.9 10.2 -0.042 0.006 
FTOF 2 2 16 1973.7 10.7 -0.047 0.005 
FTOF 2 2 17 1966.2 10.4 0.033 0.005 
FTOF 2 2 18 1979.1 9.9 0.021 0.007 
FTOF 2 2 19 1949.9 8.6 -0.012 0.007 
FTOF 2 2 20 1996.2 9.7 0.066 0.005 
FTOF 2 2 21 1954.0 8.8 -0.04 0.007 
FTOF 2 2 22 1889.7 7.7 0.006 0.005 
FTOF 2 2 23 1963.1 7.9 -0.019 0.006 
FTOF 2 2 24 1979.1 7.7 -0.071 0.007 
FTOF 2 2 25 1920.8 8.2 -0.05 0.005 
FTOF 2 2 26 1952.6 7.8 -0.027 0.005 
FTOF 2 2 27 1979.4 7.6 -0.045 0.004 
FTOF 2 2 28 1980.5 7.6 -0.023 0.005 
FTOF 2 2 29 1965.7 7.6 -0.051 0.005 
FTOF 2 2 30 1980.2 7.6 -0.018 0.005 
FTOF 2 2 31 1930.8 6.9 -0.054 0.007 
FTOF 2 2 32 1953.3 6.3 -0.036 0.003 
FTOF 2 2 33 4000.0 200.0 0.001 0.004 
FTOF 2 2 34 1959.7 6.1 -0.014 0.003 
FTOF 2 2 35 1901.3 5.5 -0.001 0.003 
FTOF 2 2 36 1933.2 5.4 -0.022 0.004 
FTOF 2 2 37 1969.0 5.2 0.004 0.004 
FTOF 2 2 38 1946.0 5.6 -0.015 0.003 
FTOF 2 2 39 1994.3 5.7 -0.109 0.004 
FTOF 2 2 40 1994.6 5.8 -0.043 0.004 
FTOF 2 2 41 1915.2 5.6 -0.056 0.003 
FTOF 2 2 42 2022.6 5.7 -0.002 0.004 
FTOF 2 2 43 1899.3 5.3 -0.048 0.004 
FTOF 2 2 44 1931.8 5.5 0.014 0.003 
FTOF 2 2 45 1983.2 6.2 -0.003 0.004 
FTOF 2 2 46 1912.8 5.7 -0.005 0.003 
FTOF 2 2 47 1936.6 5.6 -0.003 0.003 
FTOF 2 2 48 1984.6 6.2 -0.069 0.003 
FTOF 2 2 49 1974.4 6.1 0.028 0.003 
FTOF 2 2 50 1998.1 6.0 -0.001 0.003 
FTOF 2 2 51 1945.0 5.3 0.009 0.003 
FTOF 2 2 52 1966.9 5.3 -0.027 0.003 
FTOF 2 2 53 1963.6 5.1 0.04 0.003 
FTOF 2 2 54 1939.7 5.4 0.018 0.004 
FTOF 2 2 55 1959.8 5.5 0.068 0.005 
FTOF 2 2 56 1941.5 5.8 0.018 0.004 
FTOF 2 2 57 1924.7 6.6 0.013 0.005 
FTOF 2 2 58 1911.1 8.9 -0.056 0.008 
FTOF 2 2 59 1903.3 11.6 -0.02 0.007 
FTOF 2 2 60 1853.8 11.2 0.002 0.007 
FTOF 2 2 61 1809.1 11.0 0.052 0.007 
FTOF 2 2 62 1872.1 10.5 0.007 0.006 
FTOF 2 3 1 10.0 1.4 0.0 0.0 
FTOF 2 3 2 10.0 1.4 0.0 0.0 
FTOF 2 3 3 10.0 1.4 0.0 0.0 
FTOF 2 3 4 10.0 1.4 0.0 0.0 
FTOF 2 3 5 10.0 1.4 0.0 0.0 
FTOF 3 1 1 10.0 1.4 0.0 0.0 
FTOF 3 1 2 10.0 1.4 0.0 0.0 
FTOF 3 1 3 10.0 1.4 0.0 0.0 
FTOF 3 1 4 10.0 1.4 0.0 0.0 
FTOF 3 1 5 10.0 1.4 0.0 0.0 
FTOF 3 1 6 10.0 1.4 0.0 0.0 
FTOF 3 1 7 10.0 1.4 0.0 0.0 
FTOF 3 1 8 10.0 1.4 0.0 0.0 
FTOF 3 1 9 10.0 1.4 0.0 0.0 
FTOF 3 1 10 10.0 1.4 0.0 0.0 
FTOF 3 1 11 10.0 1.4 0.0 0.0 
FTOF 3 1 12 10.0 1.4 0.0 0.0 
FTOF 3 1 13 10.0 1.4 0.0 0.0 
FTOF 3 1 14 10.0 1.4 0.0 0.0 
FTOF 3 1 15 10.0 1.4 0.0 0.0 
FTOF 3 1 16 10.0 1.4 0.0 0.0 
FTOF 3 1 17 10.0 1.4 0.0 0.0 
FTOF 3 1 18 10.0 1.4 0.0 0.0 
FTOF 3 1 19 10.0 1.4 0.0 0.0 
FTOF 3 1 20 10.0 1.4 0.0 0.0 
FTOF 3 1 21 10.0 1.4 0.0 0.0 
FTOF 3 1 22 10.0 1.4 0.0 0.0 
FTOF 3 1 23 10.0 1.4 0.0 0.0 
FTOF 3 2 1 13.3 1.4 0.0 0.0 
FTOF 3 2 2 13.3 1.4 0.0 0.0 
FTOF 3 2 3 13.3 1.4 0.0 0.0 
FTOF 3 2 4 13.3 1.4 0.0 0.0 
FTOF 3 2 5 13.3 1.4 0.0 0.0 
FTOF 3 2 6 13.3 1.4 0.0 0.0 
FTOF 3 2 7 13.3 1.4 0.0 0.0 
FTOF 3 2 8 13.3 1.4 0.0 0.0 
FTOF 3 2 9 13.3 1.4 0.0 0.0 
FTOF 3 2 10 13.3 1.4 0.0 0.0 
FTOF 3 2 11 13.3 1.4 0.0 0.0 
FTOF 3 2 12 13.3 1.4 0.0 0.0 
FTOF 3 2 13 13.3 1.4 0.0 0.0 
FTOF 3 2 14 13.3 1.4 0.0 0.0 
FTOF 3 2 15 13.3 1.4 0.0 0.0 
FTOF 3 2 16 13.3 1.4 0.0 0.0 
FTOF 3 2 17 13.3 1.4 0.0 0.0 
FTOF 3 2 18 13.3 1.4 0.0 0.0 
FTOF 3 2 19 13.3 1.4 0.0 0.0 
FTOF 3 2 20 13.3 1.4 0.0 0.0 
FTOF 3 2 21 13.3 1.4 0.0 0.0 
FTOF 3 2 22 13.3 1.4 0.0 0.0 
FTOF 3 2 23 13.3 1.4 0.0 0.0 
FTOF 3 2 24 13.3 1.4 0.0 0.0 
FTOF 3 2 25 13.3 1.4 0.0 0.0 
FTOF 3 2 26 13.3 1.4 0.0 0.0 
FTOF 3 2 27 13.3 1.4 0.0 0.0 
FTOF 3 2 28 13.3 1.4 0.0 0.0 
FTOF 3 2 29 13.3 1.4 0.0 0.0 
FTOF 3 2 30 13.3 1.4 0.0 0.0 
FTOF 3 2 31 13.3 1.4 0.0 0.0 
FTOF 3 2 32 13.3 1.4 0.0 0.0 
FTOF 3 2 33 13.3 1.4 0.0 0.0 
FTOF 3 2 34 13.3 1.4 0.0 0.0 
FTOF 3 2 35 13.3 1.4 0.0 0.0 
FTOF 3 2 36 13.3 1.4 0.0 0.0 
FTOF 3 2 37 13.3 1.4 0.0 0.0 
FTOF 3 2 38 13.3 1.4 0.0 0.0 
FTOF 3 2 39 13.3 1.4 0.0 0.0 
FTOF 3 2 40 13.3 1.4 0.0 0.0 
FTOF 3 2 41 13.3 1.4 0.0 0.0 
FTOF 3 2 42 13.3 1.4 0.0 0.0 
FTOF 3 2 43 13.3 1.4 0.0 0.0 
FTOF 3 2 44 13.3 1.4 0.0 0.0 
FTOF 3 2 45 13.3 1.4 0.0 0.0 
FTOF 3 2 46 13.3 1.4 0.0 0.0 
FTOF 3 2 47 13.3 1.4 0.0 0.0 
FTOF 3 2 48 13.3 1.4 0.0 0.0 
FTOF 3 2 49 13.3 1.4 0.0 0.0 
FTOF 3 2 50 13.3 1.4 0.0 0.0 
FTOF 3 2 51 13.3 1.4 0.0 0.0 
FTOF 3 2 52 13.3 1.4 0.0 0.0 
FTOF 3 2 53 13.3 1.4 0.0 0.0 
FTOF 3 2 54 13.3 1.4 0.0 0.0 
FTOF 3 2 55 13.3 1.4 0.0 0.0 
FTOF 3 2 56 13.3 1.4 0.0 0.0 
FTOF 3 2 57 13.3 1.4 0.0 0.0 
FTOF 3 2 58 13.3 1.4 0.0 0.0 
FTOF 3 2 59 13.3 1.4 0.0 0.0 
FTOF 3 2 60 13.3 1.4 0.0 0.0 
FTOF 3 2 61 13.3 1.4 0.0 0.0 
FTOF 3 2 62 13.3 1.4 0.0 0.0 
FTOF 3 3 1 10.0 1.4 0.0 0.0 
FTOF 3 3 2 10.0 1.4 0.0 0.0 
FTOF 3 3 3 10.0 1.4 0.0 0.0 
FTOF 3 3 4 10.0 1.4 0.0 0.0 
FTOF 3 3 5 10.0 1.4 0.0 0.0 
FTOF 4 1 1 10.0 1.4 0.0 0.0 
FTOF 4 1 2 10.0 1.4 0.0 0.0 
FTOF 4 1 3 10.0 1.4 0.0 0.0 
FTOF 4 1 4 10.0 1.4 0.0 0.0 
FTOF 4 1 5 10.0 1.4 0.0 0.0 
FTOF 4 1 6 10.0 1.4 0.0 0.0 
FTOF 4 1 7 10.0 1.4 0.0 0.0 
FTOF 4 1 8 10.0 1.4 0.0 0.0 
FTOF 4 1 9 10.0 1.4 0.0 0.0 
FTOF 4 1 10 10.0 1.4 0.0 0.0 
FTOF 4 1 11 10.0 1.4 0.0 0.0 
FTOF 4 1 12 10.0 1.4 0.0 0.0 
FTOF 4 1 13 10.0 1.4 0.0 0.0 
FTOF 4 1 14 10.0 1.4 0.0 0.0 
FTOF 4 1 15 10.0 1.4 0.0 0.0 
FTOF 4 1 16 10.0 1.4 0.0 0.0 
FTOF 4 1 17 10.0 1.4 0.0 0.0 
FTOF 4 1 18 10.0 1.4 0.0 0.0 
FTOF 4 1 19 10.0 1.4 0.0 0.0 
FTOF 4 1 20 10.0 1.4 0.0 0.0 
FTOF 4 1 21 10.0 1.4 0.0 0.0 
FTOF 4 1 22 10.0 1.4 0.0 0.0 
FTOF 4 1 23 10.0 1.4 0.0 0.0 
FTOF 4 2 1 13.3 1.4 0.0 0.0 
FTOF 4 2 2 13.3 1.4 0.0 0.0 
FTOF 4 2 3 13.3 1.4 0.0 0.0 
FTOF 4 2 4 13.3 1.4 0.0 0.0 
FTOF 4 2 5 13.3 1.4 0.0 0.0 
FTOF 4 2 6 13.3 1.4 0.0 0.0 
FTOF 4 2 7 13.3 1.4 0.0 0.0 
FTOF 4 2 8 13.3 1.4 0.0 0.0 
FTOF 4 2 9 13.3 1.4 0.0 0.0 
FTOF 4 2 10 13.3 1.4 0.0 0.0 
FTOF 4 2 11 13.3 1.4 0.0 0.0 
FTOF 4 2 12 13.3 1.4 0.0 0.0 
FTOF 4 2 13 13.3 1.4 0.0 0.0 
FTOF 4 2 14 13.3 1.4 0.0 0.0 
FTOF 4 2 15 13.3 1.4 0.0 0.0 
FTOF 4 2 16 13.3 1.4 0.0 0.0 
FTOF 4 2 17 13.3 1.4 0.0 0.0 
FTOF 4 2 18 13.3 1.4 0.0 0.0 
FTOF 4 2 19 13.3 1.4 0.0 0.0 
FTOF 4 2 20 13.3 1.4 0.0 0.0 
FTOF 4 2 21 13.3 1.4 0.0 0.0 
FTOF 4 2 22 13.3 1.4 0.0 0.0 
FTOF 4 2 23 13.3 1.4 0.0 0.0 
FTOF 4 2 24 13.3 1.4 0.0 0.0 
FTOF 4 2 25 13.3 1.4 0.0 0.0 
FTOF 4 2 26 13.3 1.4 0.0 0.0 
FTOF 4 2 27 13.3 1.4 0.0 0.0 
FTOF 4 2 28 13.3 1.4 0.0 0.0 
FTOF 4 2 29 13.3 1.4 0.0 0.0 
FTOF 4 2 30 13.3 1.4 0.0 0.0 
FTOF 4 2 31 13.3 1.4 0.0 0.0 
FTOF 4 2 32 13.3 1.4 0.0 0.0 
FTOF 4 2 33 13.3 1.4 0.0 0.0 
FTOF 4 2 34 13.3 1.4 0.0 0.0 
FTOF 4 2 35 13.3 1.4 0.0 0.0 
FTOF 4 2 36 13.3 1.4 0.0 0.0 
FTOF 4 2 37 13.3 1.4 0.0 0.0 
FTOF 4 2 38 13.3 1.4 0.0 0.0 
FTOF 4 2 39 13.3 1.4 0.0 0.0 
FTOF 4 2 40 13.3 1.4 0.0 0.0 
FTOF 4 2 41 13.3 1.4 0.0 0.0 
FTOF 4 2 42 13.3 1.4 0.0 0.0 
FTOF 4 2 43 13.3 1.4 0.0 0.0 
FTOF 4 2 44 13.3 1.4 0.0 0.0 
FTOF 4 2 45 13.3 1.4 0.0 0.0 
FTOF 4 2 46 13.3 1.4 0.0 0.0 
FTOF 4 2 47 13.3 1.4 0.0 0.0 
FTOF 4 2 48 13.3 1.4 0.0 0.0 
FTOF 4 2 49 13.3 1.4 0.0 0.0 
FTOF 4 2 50 13.3 1.4 0.0 0.0 
FTOF 4 2 51 13.3 1.4 0.0 0.0 
FTOF 4 2 52 13.3 1.4 0.0 0.0 
FTOF 4 2 53 13.3 1.4 0.0 0.0 
FTOF 4 2 54 13.3 1.4 0.0 0.0 
FTOF 4 2 55 13.3 1.4 0.0 0.0 
FTOF 4 2 56 13.3 1.4 0.0 0.0 
FTOF 4 2 57 13.3 1.4 0.0 0.0 
FTOF 4 2 58 13.3 1.4 0.0 0.0 
FTOF 4 2 59 13.3 1.4 0.0 0.0 
FTOF 4 2 60 13.3 1.4 0.0 0.0 
FTOF 4 2 61 13.3 1.4 0.0 0.0 
FTOF 4 2 62 13.3 1.4 0.0 0.0 
FTOF 4 3 1 10.0 1.4 0.0 0.0 
FTOF 4 3 2 10.0 1.4 0.0 0.0 
FTOF 4 3 3 10.0 1.4 0.0 0.0 
FTOF 4 3 4 10.0 1.4 0.0 0.0 
FTOF 4 3 5 10.0 1.4 0.0 0.0 
FTOF 5 1 1 10.0 1.4 0.0 0.0 
FTOF 5 1 2 10.0 1.4 0.0 0.0 
FTOF 5 1 3 10.0 1.4 0.0 0.0 
FTOF 5 1 4 10.0 1.4 0.0 0.0 
FTOF 5 1 5 10.0 1.4 0.0 0.0 
FTOF 5 1 6 10.0 1.4 0.0 0.0 
FTOF 5 1 7 10.0 1.4 0.0 0.0 
FTOF 5 1 8 10.0 1.4 0.0 0.0 
FTOF 5 1 9 10.0 1.4 0.0 0.0 
FTOF 5 1 10 10.0 1.4 0.0 0.0 
FTOF 5 1 11 10.0 1.4 0.0 0.0 
FTOF 5 1 12 10.0 1.4 0.0 0.0 
FTOF 5 1 13 10.0 1.4 0.0 0.0 
FTOF 5 1 14 10.0 1.4 0.0 0.0 
FTOF 5 1 15 10.0 1.4 0.0 0.0 
FTOF 5 1 16 10.0 1.4 0.0 0.0 
FTOF 5 1 17 10.0 1.4 0.0 0.0 
FTOF 5 1 18 10.0 1.4 0.0 0.0 
FTOF 5 1 19 10.0 1.4 0.0 0.0 
FTOF 5 1 20 10.0 1.4 0.0 0.0 
FTOF 5 1 21 10.0 1.4 0.0 0.0 
FTOF 5 1 22 10.0 1.4 0.0 0.0 
FTOF 5 1 23 10.0 1.4 0.0 0.0 
FTOF 5 2 1 13.3 1.4 0.0 0.0 
FTOF 5 2 2 13.3 1.4 0.0 0.0 
FTOF 5 2 3 13.3 1.4 0.0 0.0 
FTOF 5 2 4 13.3 1.4 0.0 0.0 
FTOF 5 2 5 13.3 1.4 0.0 0.0 
FTOF 5 2 6 13.3 1.4 0.0 0.0 
FTOF 5 2 7 13.3 1.4 0.0 0.0 
FTOF 5 2 8 13.3 1.4 0.0 0.0 
FTOF 5 2 9 13.3 1.4 0.0 0.0 
FTOF 5 2 10 13.3 1.4 0.0 0.0 
FTOF 5 2 11 13.3 1.4 0.0 0.0 
FTOF 5 2 12 13.3 1.4 0.0 0.0 
FTOF 5 2 13 13.3 1.4 0.0 0.0 
FTOF 5 2 14 13.3 1.4 0.0 0.0 
FTOF 5 2 15 13.3 1.4 0.0 0.0 
FTOF 5 2 16 13.3 1.4 0.0 0.0 
FTOF 5 2 17 13.3 1.4 0.0 0.0 
FTOF 5 2 18 13.3 1.4 0.0 0.0 
FTOF 5 2 19 13.3 1.4 0.0 0.0 
FTOF 5 2 20 13.3 1.4 0.0 0.0 
FTOF 5 2 21 13.3 1.4 0.0 0.0 
FTOF 5 2 22 13.3 1.4 0.0 0.0 
FTOF 5 2 23 13.3 1.4 0.0 0.0 
FTOF 5 2 24 13.3 1.4 0.0 0.0 
FTOF 5 2 25 13.3 1.4 0.0 0.0 
FTOF 5 2 26 13.3 1.4 0.0 0.0 
FTOF 5 2 27 13.3 1.4 0.0 0.0 
FTOF 5 2 28 13.3 1.4 0.0 0.0 
FTOF 5 2 29 13.3 1.4 0.0 0.0 
FTOF 5 2 30 13.3 1.4 0.0 0.0 
FTOF 5 2 31 13.3 1.4 0.0 0.0 
FTOF 5 2 32 13.3 1.4 0.0 0.0 
FTOF 5 2 33 13.3 1.4 0.0 0.0 
FTOF 5 2 34 13.3 1.4 0.0 0.0 
FTOF 5 2 35 13.3 1.4 0.0 0.0 
FTOF 5 2 36 13.3 1.4 0.0 0.0 
FTOF 5 2 37 13.3 1.4 0.0 0.0 
FTOF 5 2 38 13.3 1.4 0.0 0.0 
FTOF 5 2 39 13.3 1.4 0.0 0.0 
FTOF 5 2 40 13.3 1.4 0.0 0.0 
FTOF 5 2 41 13.3 1.4 0.0 0.0 
FTOF 5 2 42 13.3 1.4 0.0 0.0 
FTOF 5 2 43 13.3 1.4 0.0 0.0 
FTOF 5 2 44 13.3 1.4 0.0 0.0 
FTOF 5 2 45 13.3 1.4 0.0 0.0 
FTOF 5 2 46 13.3 1.4 0.0 0.0 
FTOF 5 2 47 13.3 1.4 0.0 0.0 
FTOF 5 2 48 13.3 1.4 0.0 0.0 
FTOF 5 2 49 13.3 1.4 0.0 0.0 
FTOF 5 2 50 13.3 1.4 0.0 0.0 
FTOF 5 2 51 13.3 1.4 0.0 0.0 
FTOF 5 2 52 13.3 1.4 0.0 0.0 
FTOF 5 2 53 13.3 1.4 0.0 0.0 
FTOF 5 2 54 13.3 1.4 0.0 0.0 
FTOF 5 2 55 13.3 1.4 0.0 0.0 
FTOF 5 2 56 13.3 1.4 0.0 0.0 
FTOF 5 2 57 13.3 1.4 0.0 0.0 
FTOF 5 2 58 13.3 1.4 0.0 0.0 
FTOF 5 2 59 13.3 1.4 0.0 0.0 
FTOF 5 2 60 13.3 1.4 0.0 0.0 
FTOF 5 2 61 13.3 1.4 0.0 0.0 
FTOF 5 2 62 13.3 1.4 0.0 0.0 
FTOF 5 3 1 10.0 1.4 0.0 0.0 
FTOF 5 3 2 10.0 1.4 0.0 0.0 
FTOF 5 3 3 10.0 1.4 0.0 0.0 
FTOF 5 3 4 10.0 1.4 0.0 0.0 
FTOF 5 3 5 10.0 1.4 0.0 0.0 
FTOF 6 1 1 10.0 1.4 0.0 0.0 
FTOF 6 1 2 10.0 1.4 0.0 0.0 
FTOF 6 1 3 10.0 1.4 0.0 0.0 
FTOF 6 1 4 10.0 1.4 0.0 0.0 
FTOF 6 1 5 10.0 1.4 0.0 0.0 
FTOF 6 1 6 10.0 1.4 0.0 0.0 
FTOF 6 1 7 10.0 1.4 0.0 0.0 
FTOF 6 1 8 10.0 1.4 0.0 0.0 
FTOF 6 1 9 10.0 1.4 0.0 0.0 
FTOF 6 1 10 10.0 1.4 0.0 0.0 
FTOF 6 1 11 10.0 1.4 0.0 0.0 
FTOF 6 1 12 10.0 1.4 0.0 0.0 
FTOF 6 1 13 10.0 1.4 0.0 0.0 
FTOF 6 1 14 10.0 1.4 0.0 0.0 
FTOF 6 1 15 10.0 1.4 0.0 0.0 
FTOF 6 1 16 10.0 1.4 0.0 0.0 
FTOF 6 1 17 10.0 1.4 0.0 0.0 
FTOF 6 1 18 10.0 1.4 0.0 0.0 
FTOF 6 1 19 10.0 1.4 0.0 0.0 
FTOF 6 1 20 10.0 1.4 0.0 0.0 
FTOF 6 1 21 10.0 1.4 0.0 0.0 
FTOF 6 1 22 10.0 1.4 0.0 0.0 
FTOF 6 1 23 10.0 1.4 0.0 0.0 
FTOF 6 2 1 13.3 1.4 0.0 0.0 
FTOF 6 2 2 13.3 1.4 0.0 0.0 
FTOF 6 2 3 13.3 1.4 0.0 0.0 
FTOF 6 2 4 13.3 1.4 0.0 0.0 
FTOF 6 2 5 13.3 1.4 0.0 0.0 
FTOF 6 2 6 13.3 1.4 0.0 0.0 
FTOF 6 2 7 13.3 1.4 0.0 0.0 
FTOF 6 2 8 13.3 1.4 0.0 0.0 
FTOF 6 2 9 13.3 1.4 0.0 0.0 
FTOF 6 2 10 13.3 1.4 0.0 0.0 
FTOF 6 2 11 13.3 1.4 0.0 0.0 
FTOF 6 2 12 13.3 1.4 0.0 0.0 
FTOF 6 2 13 13.3 1.4 0.0 0.0 
FTOF 6 2 14 13.3 1.4 0.0 0.0 
FTOF 6 2 15 13.3 1.4 0.0 0.0 
FTOF 6 2 16 13.3 1.4 0.0 0.0 
FTOF 6 2 17 13.3 1.4 0.0 0.0 
FTOF 6 2 18 13.3 1.4 0.0 0.0 
FTOF 6 2 19 13.3 1.4 0.0 0.0 
FTOF 6 2 20 13.3 1.4 0.0 0.0 
FTOF 6 2 21 13.3 1.4 0.0 0.0 
FTOF 6 2 22 13.3 1.4 0.0 0.0 
FTOF 6 2 23 13.3 1.4 0.0 0.0 
FTOF 6 2 24 13.3 1.4 0.0 0.0 
FTOF 6 2 25 13.3 1.4 0.0 0.0 
FTOF 6 2 26 13.3 1.4 0.0 0.0 
FTOF 6 2 27 13.3 1.4 0.0 0.0 
FTOF 6 2 28 13.3 1.4 0.0 0.0 
FTOF 6 2 29 13.3 1.4 0.0 0.0 
FTOF 6 2 30 13.3 1.4 0.0 0.0 
FTOF 6 2 31 13.3 1.4 0.0 0.0 
FTOF 6 2 32 13.3 1.4 0.0 0.0 
FTOF 6 2 33 13.3 1.4 0.0 0.0 
FTOF 6 2 34 13.3 1.4 0.0 0.0 
FTOF 6 2 35 13.3 1.4 0.0 0.0 
FTOF 6 2 36 13.3 1.4 0.0 0.0 
FTOF 6 2 37 13.3 1.4 0.0 0.0 
FTOF 6 2 38 13.3 1.4 0.0 0.0 
FTOF 6 2 39 13.3 1.4 0.0 0.0 
FTOF 6 2 40 13.3 1.4 0.0 0.0 
FTOF 6 2 41 13.3 1.4 0.0 0.0 
FTOF 6 2 42 13.3 1.4 0.0 0.0 
FTOF 6 2 43 13.3 1.4 0.0 0.0 
FTOF 6 2 44 13.3 1.4 0.0 0.0 
FTOF 6 2 45 13.3 1.4 0.0 0.0 
FTOF 6 2 46 13.3 1.4 0.0 0.0 
FTOF 6 2 47 13.3 1.4 0.0 0.0 
FTOF 6 2 48 13.3 1.4 0.0 0.0 
FTOF 6 2 49 13.3 1.4 0.0 0.0 
FTOF 6 2 50 13.3 1.4 0.0 0.0 
FTOF 6 2 51 13.3 1.4 0.0 0.0 
FTOF 6 2 52 13.3 1.4 0.0 0.0 
FTOF 6 2 53 13.3 1.4 0.0 0.0 
FTOF 6 2 54 13.3 1.4 0.0 0.0 
FTOF 6 2 55 13.3 1.4 0.0 0.0 
FTOF 6 2 56 13.3 1.4 0.0 0.0 
FTOF 6 2 57 13.3 1.4 0.0 0.0 
FTOF 6 2 58 13.3 1.4 0.0 0.0 
FTOF 6 2 59 13.3 1.4 0.0 0.0 
FTOF 6 2 60 13.3 1.4 0.0 0.0 
FTOF 6 2 61 13.3 1.4 0.0 0.0 
FTOF 6 2 62 13.3 1.4 0.0 0.0 
FTOF 6 3 1 10.0 1.4 0.0 0.0 
FTOF 6 3 2 10.0 1.4 0.0 0.0 
FTOF 6 3 3 10.0 1.4 0.0 0.0 
FTOF 6 3 4 10.0 1.4 0.0 0.0 
FTOF 6 3 5 10.0 1.4 0.0 0.0 
