FTOF 1 1 1 -100.176 
FTOF 1 1 2 -100.176 
FTOF 1 1 3 -100.176 
FTOF 1 1 4 -100.176 
FTOF 1 1 5 -100.176 
FTOF 1 1 6 -100.176 
FTOF 1 1 7 -100.176 
FTOF 1 1 8 -100.176 
FTOF 1 1 9 -100.176 
FTOF 1 1 10 -100.176 
FTOF 1 1 11 -100.176 
FTOF 1 1 12 -100.176 
FTOF 1 1 13 -100.176 
FTOF 1 1 14 -100.176 
FTOF 1 1 15 -100.176 
FTOF 1 1 16 -100.176 
FTOF 1 1 17 -100.176 
FTOF 1 1 18 -100.176 
FTOF 1 1 19 -100.176 
FTOF 1 1 20 -100.176 
FTOF 1 1 21 -100.176 
FTOF 1 1 22 -100.176 
FTOF 1 1 23 -100.176 
FTOF 1 2 1 0.137 
FTOF 1 2 2 0.162 
FTOF 1 2 3 0.167 
FTOF 1 2 4 0.162 
FTOF 1 2 5 0.169 
FTOF 1 2 6 0.166 
FTOF 1 2 7 0.166 
FTOF 1 2 8 0.171 
FTOF 1 2 9 0.161 
FTOF 1 2 10 0.177 
FTOF 1 2 11 0.167 
FTOF 1 2 12 0.181 
FTOF 1 2 13 0.168 
FTOF 1 2 14 0.183 
FTOF 1 2 15 0.188 
FTOF 1 2 16 0.17 
FTOF 1 2 17 0.174 
FTOF 1 2 18 0.164 
FTOF 1 2 19 0.177 
FTOF 1 2 20 0.181 
FTOF 1 2 21 0.176 
FTOF 1 2 22 0.152 
FTOF 1 2 23 0.11 
FTOF 1 2 24 0.234 
FTOF 1 2 25 0.148 
FTOF 1 2 26 0.174 
FTOF 1 2 27 0.14 
FTOF 1 2 28 0.203 
FTOF 1 2 29 0.176 
FTOF 1 2 30 0.647 
FTOF 1 2 31 0.204 
FTOF 1 2 32 0.173 
FTOF 1 2 33 0.143 
FTOF 1 2 34 0.16 
FTOF 1 2 35 0.143 
FTOF 1 2 36 0.182 
FTOF 1 2 37 0.162 
FTOF 1 2 38 0.212 
FTOF 1 2 39 0.203 
FTOF 1 2 40 0.183 
FTOF 1 2 41 0.152 
FTOF 1 2 42 2.177 
FTOF 1 2 43 0.611 
FTOF 1 2 44 0.11 
FTOF 1 2 45 0.41 
FTOF 1 2 46 -3.156 
FTOF 1 2 47 -0.12 
FTOF 1 2 48 0.716 
FTOF 1 2 49 -100.176 
FTOF 1 2 50 -100.176 
FTOF 1 2 51 -100.176 
FTOF 1 2 52 -100.176 
FTOF 1 2 53 -100.176 
FTOF 1 2 54 -100.176 
FTOF 1 2 55 -100.176 
FTOF 1 2 56 -100.176 
FTOF 1 2 57 -100.176 
FTOF 1 2 58 -100.176 
FTOF 1 2 59 -100.176 
FTOF 1 2 60 -100.176 
FTOF 1 2 61 -100.176 
FTOF 1 2 62 -100.176 
FTOF 1 3 1 -100.176 
FTOF 1 3 2 -100.176 
FTOF 1 3 3 -100.176 
FTOF 1 3 4 -100.176 
FTOF 1 3 5 -100.176 
FTOF 2 1 1 -100.176 
FTOF 2 1 2 -100.176 
FTOF 2 1 3 -100.176 
FTOF 2 1 4 -100.176 
FTOF 2 1 5 -100.176 
FTOF 2 1 6 -100.176 
FTOF 2 1 7 -100.176 
FTOF 2 1 8 -100.176 
FTOF 2 1 9 -100.176 
FTOF 2 1 10 -100.176 
FTOF 2 1 11 -100.176 
FTOF 2 1 12 -100.176 
FTOF 2 1 13 -100.176 
FTOF 2 1 14 -100.176 
FTOF 2 1 15 -100.176 
FTOF 2 1 16 -100.176 
FTOF 2 1 17 -100.176 
FTOF 2 1 18 -100.176 
FTOF 2 1 19 -100.176 
FTOF 2 1 20 -100.176 
FTOF 2 1 21 -100.176 
FTOF 2 1 22 -100.176 
FTOF 2 1 23 -100.176 
FTOF 2 2 1 0.181 
FTOF 2 2 2 0.158 
FTOF 2 2 3 0.169 
FTOF 2 2 4 0.17 
FTOF 2 2 5 0.172 
FTOF 2 2 6 0.169 
FTOF 2 2 7 0.174 
FTOF 2 2 8 0.169 
FTOF 2 2 9 0.17 
FTOF 2 2 10 0.179 
FTOF 2 2 11 0.194 
FTOF 2 2 12 0.188 
FTOF 2 2 13 0.178 
FTOF 2 2 14 0.184 
FTOF 2 2 15 0.188 
FTOF 2 2 16 -0.184 
FTOF 2 2 17 0.163 
FTOF 2 2 18 0.15 
FTOF 2 2 19 0.15 
FTOF 2 2 20 0.156 
FTOF 2 2 21 0.15 
FTOF 2 2 22 0.17 
FTOF 2 2 23 0.154 
FTOF 2 2 24 0.186 
FTOF 2 2 25 0.165 
FTOF 2 2 26 0.159 
FTOF 2 2 27 0.179 
FTOF 2 2 28 0.172 
FTOF 2 2 29 0.164 
FTOF 2 2 30 0.153 
FTOF 2 2 31 0.165 
FTOF 2 2 32 0.176 
FTOF 2 2 33 0.171 
FTOF 2 2 34 0.585 
FTOF 2 2 35 0.198 
FTOF 2 2 36 0.169 
FTOF 2 2 37 0.211 
FTOF 2 2 38 1.126 
FTOF 2 2 39 0.187 
FTOF 2 2 40 0.073 
FTOF 2 2 41 0.175 
FTOF 2 2 42 0.157 
FTOF 2 2 43 0.713 
FTOF 2 2 44 4.125 
FTOF 2 2 45 -30.012 
FTOF 2 2 46 0.358 
FTOF 2 2 47 0.35 
FTOF 2 2 48 0.95 
FTOF 2 2 49 -100.176 
FTOF 2 2 50 -100.176 
FTOF 2 2 51 -100.176 
FTOF 2 2 52 -100.176 
FTOF 2 2 53 -100.176 
FTOF 2 2 54 -100.176 
FTOF 2 2 55 -100.176 
FTOF 2 2 56 -100.176 
FTOF 2 2 57 -100.176 
FTOF 2 2 58 -100.176 
FTOF 2 2 59 -100.176 
FTOF 2 2 60 -100.176 
FTOF 2 2 61 -100.176 
FTOF 2 2 62 -100.176 
FTOF 2 3 1 -100.176 
FTOF 2 3 2 -100.176 
FTOF 2 3 3 -100.176 
FTOF 2 3 4 -100.176 
FTOF 2 3 5 -100.176 
FTOF 3 1 1 -100.176 
FTOF 3 1 2 -100.176 
FTOF 3 1 3 -100.176 
FTOF 3 1 4 -100.176 
FTOF 3 1 5 -100.176 
FTOF 3 1 6 -100.176 
FTOF 3 1 7 -100.176 
FTOF 3 1 8 -100.176 
FTOF 3 1 9 -100.176 
FTOF 3 1 10 -100.176 
FTOF 3 1 11 -100.176 
FTOF 3 1 12 -100.176 
FTOF 3 1 13 -100.176 
FTOF 3 1 14 -100.176 
FTOF 3 1 15 -100.176 
FTOF 3 1 16 -100.176 
FTOF 3 1 17 -100.176 
FTOF 3 1 18 -100.176 
FTOF 3 1 19 -100.176 
FTOF 3 1 20 -100.176 
FTOF 3 1 21 -100.176 
FTOF 3 1 22 -100.176 
FTOF 3 1 23 -100.176 
FTOF 3 2 1 0.155 
FTOF 3 2 2 0.149 
FTOF 3 2 3 0.165 
FTOF 3 2 4 0.168 
FTOF 3 2 5 0.171 
FTOF 3 2 6 0.17 
FTOF 3 2 7 0.165 
FTOF 3 2 8 0.175 
FTOF 3 2 9 0.175 
FTOF 3 2 10 0.181 
FTOF 3 2 11 -18.522 
FTOF 3 2 12 0.183 
FTOF 3 2 13 0.195 
FTOF 3 2 14 0.183 
FTOF 3 2 15 0.202 
FTOF 3 2 16 0.161 
FTOF 3 2 17 0.141 
FTOF 3 2 18 0.159 
FTOF 3 2 19 0.172 
FTOF 3 2 20 0.162 
FTOF 3 2 21 0.168 
FTOF 3 2 22 0.165 
FTOF 3 2 23 -0.55 
FTOF 3 2 24 0.183 
FTOF 3 2 25 0.182 
FTOF 3 2 26 0.191 
FTOF 3 2 27 0.177 
FTOF 3 2 28 0.182 
FTOF 3 2 29 0.179 
FTOF 3 2 30 0.165 
FTOF 3 2 31 0.202 
FTOF 3 2 32 0.186 
FTOF 3 2 33 0.17 
FTOF 3 2 34 0.182 
FTOF 3 2 35 0.209 
FTOF 3 2 36 0.168 
FTOF 3 2 37 0.487 
FTOF 3 2 38 0.16 
FTOF 3 2 39 0.168 
FTOF 3 2 40 4.188 
FTOF 3 2 41 0.228 
FTOF 3 2 42 1.323 
FTOF 3 2 43 0.125 
FTOF 3 2 44 0.053 
FTOF 3 2 45 0.877 
FTOF 3 2 46 -31.898 
FTOF 3 2 47 1.305 
FTOF 3 2 48 0.863 
FTOF 3 2 49 -100.176 
FTOF 3 2 50 -100.176 
FTOF 3 2 51 -100.176 
FTOF 3 2 52 -100.176 
FTOF 3 2 53 -100.176 
FTOF 3 2 54 -100.176 
FTOF 3 2 55 -100.176 
FTOF 3 2 56 -100.176 
FTOF 3 2 57 -100.176 
FTOF 3 2 58 -100.176 
FTOF 3 2 59 -100.176 
FTOF 3 2 60 -100.176 
FTOF 3 2 61 -100.176 
FTOF 3 2 62 -100.176 
FTOF 3 3 1 -100.176 
FTOF 3 3 2 -100.176 
FTOF 3 3 3 -100.176 
FTOF 3 3 4 -100.176 
FTOF 3 3 5 -100.176 
FTOF 4 1 1 -100.176 
FTOF 4 1 2 -100.176 
FTOF 4 1 3 -100.176 
FTOF 4 1 4 -100.176 
FTOF 4 1 5 -100.176 
FTOF 4 1 6 -100.176 
FTOF 4 1 7 -100.176 
FTOF 4 1 8 -100.176 
FTOF 4 1 9 -100.176 
FTOF 4 1 10 -100.176 
FTOF 4 1 11 -100.176 
FTOF 4 1 12 -100.176 
FTOF 4 1 13 -100.176 
FTOF 4 1 14 -100.176 
FTOF 4 1 15 -100.176 
FTOF 4 1 16 -100.176 
FTOF 4 1 17 -100.176 
FTOF 4 1 18 -100.176 
FTOF 4 1 19 -100.176 
FTOF 4 1 20 -100.176 
FTOF 4 1 21 -100.176 
FTOF 4 1 22 -100.176 
FTOF 4 1 23 -100.176 
FTOF 4 2 1 0.151 
FTOF 4 2 2 0.154 
FTOF 4 2 3 0.156 
FTOF 4 2 4 0.163 
FTOF 4 2 5 0.159 
FTOF 4 2 6 0.156 
FTOF 4 2 7 0.167 
FTOF 4 2 8 0.169 
FTOF 4 2 9 0.155 
FTOF 4 2 10 0.177 
FTOF 4 2 11 0.176 
FTOF 4 2 12 0.184 
FTOF 4 2 13 0.18 
FTOF 4 2 14 0.204 
FTOF 4 2 15 0.19 
FTOF 4 2 16 0.129 
FTOF 4 2 17 0.155 
FTOF 4 2 18 0.176 
FTOF 4 2 19 0.17 
FTOF 4 2 20 0.171 
FTOF 4 2 21 0.169 
FTOF 4 2 22 0.184 
FTOF 4 2 23 0.741 
FTOF 4 2 24 0.199 
FTOF 4 2 25 0.181 
FTOF 4 2 26 0.194 
FTOF 4 2 27 0.164 
FTOF 4 2 28 0.183 
FTOF 4 2 29 0.189 
FTOF 4 2 30 0.26 
FTOF 4 2 31 0.201 
FTOF 4 2 32 0.193 
FTOF 4 2 33 0.077 
FTOF 4 2 34 0.097 
FTOF 4 2 35 0.14 
FTOF 4 2 36 0.16 
FTOF 4 2 37 0.157 
FTOF 4 2 38 0.138 
FTOF 4 2 39 0.163 
FTOF 4 2 40 0.19 
FTOF 4 2 41 0.175 
FTOF 4 2 42 1.04 
FTOF 4 2 43 4.14 
FTOF 4 2 44 0.24 
FTOF 4 2 45 0.019 
FTOF 4 2 46 0.067 
FTOF 4 2 47 0.707 
FTOF 4 2 48 0.536 
FTOF 4 2 49 -100.176 
FTOF 4 2 50 -100.176 
FTOF 4 2 51 -100.176 
FTOF 4 2 52 -100.176 
FTOF 4 2 53 -100.176 
FTOF 4 2 54 -100.176 
FTOF 4 2 55 -100.176 
FTOF 4 2 56 -100.176 
FTOF 4 2 57 -100.176 
FTOF 4 2 58 -100.176 
FTOF 4 2 59 -100.176 
FTOF 4 2 60 -100.176 
FTOF 4 2 61 -100.176 
FTOF 4 2 62 -100.176 
FTOF 4 3 1 -100.176 
FTOF 4 3 2 -100.176 
FTOF 4 3 3 -100.176 
FTOF 4 3 4 -100.176 
FTOF 4 3 5 -100.176 
FTOF 5 1 1 -100.176 
FTOF 5 1 2 -100.176 
FTOF 5 1 3 -100.176 
FTOF 5 1 4 -100.176 
FTOF 5 1 5 -100.176 
FTOF 5 1 6 -100.176 
FTOF 5 1 7 -100.176 
FTOF 5 1 8 -100.176 
FTOF 5 1 9 -100.176 
FTOF 5 1 10 -100.176 
FTOF 5 1 11 -100.176 
FTOF 5 1 12 -100.176 
FTOF 5 1 13 -100.176 
FTOF 5 1 14 -100.176 
FTOF 5 1 15 -100.176 
FTOF 5 1 16 -100.176 
FTOF 5 1 17 -100.176 
FTOF 5 1 18 -100.176 
FTOF 5 1 19 -100.176 
FTOF 5 1 20 -100.176 
FTOF 5 1 21 -100.176 
FTOF 5 1 22 -100.176 
FTOF 5 1 23 -100.176 
FTOF 5 2 1 0.133 
FTOF 5 2 2 18.857 
FTOF 5 2 3 0.726 
FTOF 5 2 4 0.166 
FTOF 5 2 5 0.166 
FTOF 5 2 6 0.168 
FTOF 5 2 7 0.173 
FTOF 5 2 8 0.174 
FTOF 5 2 9 0.169 
FTOF 5 2 10 0.175 
FTOF 5 2 11 0.187 
FTOF 5 2 12 0.197 
FTOF 5 2 13 0.197 
FTOF 5 2 14 0.208 
FTOF 5 2 15 0.21 
FTOF 5 2 16 0.14 
FTOF 5 2 17 0.159 
FTOF 5 2 18 0.163 
FTOF 5 2 19 0.17 
FTOF 5 2 20 -18.709 
FTOF 5 2 21 0.178 
FTOF 5 2 22 0.165 
FTOF 5 2 23 0.67 
FTOF 5 2 24 0.163 
FTOF 5 2 25 0.168 
FTOF 5 2 26 0.171 
FTOF 5 2 27 0.158 
FTOF 5 2 28 0.116 
FTOF 5 2 29 0.137 
FTOF 5 2 30 0.172 
FTOF 5 2 31 0.167 
FTOF 5 2 32 0.18 
FTOF 5 2 33 0.18 
FTOF 5 2 34 0.186 
FTOF 5 2 35 0.197 
FTOF 5 2 36 21.781 
FTOF 5 2 37 0.18 
FTOF 5 2 38 0.183 
FTOF 5 2 39 0.613 
FTOF 5 2 40 0.172 
FTOF 5 2 41 0.17 
FTOF 5 2 42 0.241 
FTOF 5 2 43 -0.761 
FTOF 5 2 44 0.101 
FTOF 5 2 45 0.126 
FTOF 5 2 46 5.953 
FTOF 5 2 47 707.451 
FTOF 5 2 48 0.944 
FTOF 5 2 49 -100.176 
FTOF 5 2 50 -100.176 
FTOF 5 2 51 -100.176 
FTOF 5 2 52 -100.176 
FTOF 5 2 53 -100.176 
FTOF 5 2 54 -100.176 
FTOF 5 2 55 -100.176 
FTOF 5 2 56 -100.176 
FTOF 5 2 57 -100.176 
FTOF 5 2 58 -100.176 
FTOF 5 2 59 -100.176 
FTOF 5 2 60 -100.176 
FTOF 5 2 61 -100.176 
FTOF 5 2 62 -100.176 
FTOF 5 3 1 -100.176 
FTOF 5 3 2 -100.176 
FTOF 5 3 3 -100.176 
FTOF 5 3 4 -100.176 
FTOF 5 3 5 -100.176 
FTOF 6 1 1 -100.176 
FTOF 6 1 2 -100.176 
FTOF 6 1 3 -100.176 
FTOF 6 1 4 -100.176 
FTOF 6 1 5 -100.176 
FTOF 6 1 6 -100.176 
FTOF 6 1 7 -100.176 
FTOF 6 1 8 -100.176 
FTOF 6 1 9 -100.176 
FTOF 6 1 10 -100.176 
FTOF 6 1 11 -100.176 
FTOF 6 1 12 -100.176 
FTOF 6 1 13 -100.176 
FTOF 6 1 14 -100.176 
FTOF 6 1 15 -100.176 
FTOF 6 1 16 -100.176 
FTOF 6 1 17 -100.176 
FTOF 6 1 18 -100.176 
FTOF 6 1 19 -100.176 
FTOF 6 1 20 -100.176 
FTOF 6 1 21 -100.176 
FTOF 6 1 22 -100.176 
FTOF 6 1 23 -100.176 
FTOF 6 2 1 -18.489 
FTOF 6 2 2 0.177 
FTOF 6 2 3 0.199 
FTOF 6 2 4 0.162 
FTOF 6 2 5 0.161 
FTOF 6 2 6 0.168 
FTOF 6 2 7 0.166 
FTOF 6 2 8 0.175 
FTOF 6 2 9 0.182 
FTOF 6 2 10 0.17 
FTOF 6 2 11 0.181 
FTOF 6 2 12 0.185 
FTOF 6 2 13 0.192 
FTOF 6 2 14 0.197 
FTOF 6 2 15 0.213 
FTOF 6 2 16 0.148 
FTOF 6 2 17 0.152 
FTOF 6 2 18 0.153 
FTOF 6 2 19 0.184 
FTOF 6 2 20 0.175 
FTOF 6 2 21 0.187 
FTOF 6 2 22 0.154 
FTOF 6 2 23 0.18 
FTOF 6 2 24 0.187 
FTOF 6 2 25 0.937 
FTOF 6 2 26 0.192 
FTOF 6 2 27 0.183 
FTOF 6 2 28 0.187 
FTOF 6 2 29 0.191 
FTOF 6 2 30 0.207 
FTOF 6 2 31 0.178 
FTOF 6 2 32 0.191 
FTOF 6 2 33 0.161 
FTOF 6 2 34 0.36 
FTOF 6 2 35 0.182 
FTOF 6 2 36 0.176 
FTOF 6 2 37 -0.226 
FTOF 6 2 38 0.176 
FTOF 6 2 39 0.156 
FTOF 6 2 40 0.159 
FTOF 6 2 41 0.173 
FTOF 6 2 42 0.552 
FTOF 6 2 43 -0.437 
FTOF 6 2 44 -0.062 
FTOF 6 2 45 307.626 
FTOF 6 2 46 -0.843 
FTOF 6 2 47 0.416 
FTOF 6 2 48 9.001 
FTOF 6 2 49 -100.176 
FTOF 6 2 50 -100.176 
FTOF 6 2 51 -100.176 
FTOF 6 2 52 -100.176 
FTOF 6 2 53 -100.176 
FTOF 6 2 54 -100.176 
FTOF 6 2 55 -100.176 
FTOF 6 2 56 -100.176 
FTOF 6 2 57 -100.176 
FTOF 6 2 58 -100.176 
FTOF 6 2 59 -100.176 
FTOF 6 2 60 -100.176 
FTOF 6 2 61 -100.176 
FTOF 6 2 62 -100.176 
FTOF 6 3 1 -100.176 
FTOF 6 3 2 -100.176 
FTOF 6 3 3 -100.176 
FTOF 6 3 4 -100.176 
FTOF 6 3 5 -100.176 
