FTOF 1 1 1 10.0 1.4 0.0 0.0 
FTOF 1 1 2 10.0 1.4 0.0 0.0 
FTOF 1 1 3 10.0 1.4 0.0 0.0 
FTOF 1 1 4 10.0 1.4 0.0 0.0 
FTOF 1 1 5 10.0 1.4 0.0 0.0 
FTOF 1 1 6 10.0 1.4 0.0 0.0 
FTOF 1 1 7 10.0 1.4 0.0 0.0 
FTOF 1 1 8 10.0 1.4 0.0 0.0 
FTOF 1 1 9 10.0 1.4 0.0 0.0 
FTOF 1 1 10 10.0 1.4 0.0 0.0 
FTOF 1 1 11 10.0 1.4 0.0 0.0 
FTOF 1 1 12 10.0 1.4 0.0 0.0 
FTOF 1 1 13 10.0 1.4 0.0 0.0 
FTOF 1 1 14 10.0 1.4 0.0 0.0 
FTOF 1 1 15 10.0 1.4 0.0 0.0 
FTOF 1 1 16 10.0 1.4 0.0 0.0 
FTOF 1 1 17 10.0 1.4 0.0 0.0 
FTOF 1 1 18 10.0 1.4 0.0 0.0 
FTOF 1 1 19 10.0 1.4 0.0 0.0 
FTOF 1 1 20 10.0 1.4 0.0 0.0 
FTOF 1 1 21 10.0 1.4 0.0 0.0 
FTOF 1 1 22 10.0 1.4 0.0 0.0 
FTOF 1 1 23 10.0 1.4 0.0 0.0 
FTOF 1 2 1 13.3 1.4 0.0 0.0 
FTOF 1 2 2 13.3 1.4 0.0 0.0 
FTOF 1 2 3 13.3 1.4 0.0 0.0 
FTOF 1 2 4 13.3 1.4 0.0 0.0 
FTOF 1 2 5 13.3 1.4 0.0 0.0 
FTOF 1 2 6 13.3 1.4 0.0 0.0 
FTOF 1 2 7 13.3 1.4 0.0 0.0 
FTOF 1 2 8 13.3 1.4 0.0 0.0 
FTOF 1 2 9 13.3 1.4 0.0 0.0 
FTOF 1 2 10 13.3 1.4 0.0 0.0 
FTOF 1 2 11 13.3 1.4 0.0 0.0 
FTOF 1 2 12 13.3 1.4 0.0 0.0 
FTOF 1 2 13 13.3 1.4 0.0 0.0 
FTOF 1 2 14 13.3 1.4 0.0 0.0 
FTOF 1 2 15 13.3 1.4 0.0 0.0 
FTOF 1 2 16 13.3 1.4 0.0 0.0 
FTOF 1 2 17 13.3 1.4 0.0 0.0 
FTOF 1 2 18 13.3 1.4 0.0 0.0 
FTOF 1 2 19 13.3 1.4 0.0 0.0 
FTOF 1 2 20 13.3 1.4 0.0 0.0 
FTOF 1 2 21 13.3 1.4 0.0 0.0 
FTOF 1 2 22 13.3 1.4 0.0 0.0 
FTOF 1 2 23 13.3 1.4 0.0 0.0 
FTOF 1 2 24 13.3 1.4 0.0 0.0 
FTOF 1 2 25 13.3 1.4 0.0 0.0 
FTOF 1 2 26 13.3 1.4 0.0 0.0 
FTOF 1 2 27 13.3 1.4 0.0 0.0 
FTOF 1 2 28 13.3 1.4 0.0 0.0 
FTOF 1 2 29 13.3 1.4 0.0 0.0 
FTOF 1 2 30 13.3 1.4 0.0 0.0 
FTOF 1 2 31 13.3 1.4 0.0 0.0 
FTOF 1 2 32 13.3 1.4 0.0 0.0 
FTOF 1 2 33 13.3 1.4 0.0 0.0 
FTOF 1 2 34 13.3 1.4 0.0 0.0 
FTOF 1 2 35 13.3 1.4 0.0 0.0 
FTOF 1 2 36 13.3 1.4 0.0 0.0 
FTOF 1 2 37 13.3 1.4 0.0 0.0 
FTOF 1 2 38 13.3 1.4 0.0 0.0 
FTOF 1 2 39 13.3 1.4 0.0 0.0 
FTOF 1 2 40 13.3 1.4 0.0 0.0 
FTOF 1 2 41 13.3 1.4 0.0 0.0 
FTOF 1 2 42 13.3 1.4 0.0 0.0 
FTOF 1 2 43 13.3 1.4 0.0 0.0 
FTOF 1 2 44 13.3 1.4 0.0 0.0 
FTOF 1 2 45 13.3 1.4 0.0 0.0 
FTOF 1 2 46 13.3 1.4 0.0 0.0 
FTOF 1 2 47 13.3 1.4 0.0 0.0 
FTOF 1 2 48 13.3 1.4 0.0 0.0 
FTOF 1 2 49 13.3 1.4 0.0 0.0 
FTOF 1 2 50 13.3 1.4 0.0 0.0 
FTOF 1 2 51 13.3 1.4 0.0 0.0 
FTOF 1 2 52 13.3 1.4 0.0 0.0 
FTOF 1 2 53 13.3 1.4 0.0 0.0 
FTOF 1 2 54 13.3 1.4 0.0 0.0 
FTOF 1 2 55 13.3 1.4 0.0 0.0 
FTOF 1 2 56 13.3 1.4 0.0 0.0 
FTOF 1 2 57 13.3 1.4 0.0 0.0 
FTOF 1 2 58 13.3 1.4 0.0 0.0 
FTOF 1 2 59 13.3 1.4 0.0 0.0 
FTOF 1 2 60 13.3 1.4 0.0 0.0 
FTOF 1 2 61 13.3 1.4 0.0 0.0 
FTOF 1 2 62 13.3 1.4 0.0 0.0 
FTOF 1 3 1 10.0 1.4 0.0 0.0 
FTOF 1 3 2 10.0 1.4 0.0 0.0 
FTOF 1 3 3 10.0 1.4 0.0 0.0 
FTOF 1 3 4 10.0 1.4 0.0 0.0 
FTOF 1 3 5 10.0 1.4 0.0 0.0 
FTOF 2 1 1 817.1 22.8 0.05 0.006 
FTOF 2 1 2 760.6 22.4 -0.016 0.006 
FTOF 2 1 3 736.2 11.1 -0.002 0.009 
FTOF 2 1 4 821.6 8.2 0.029 0.006 
FTOF 2 1 5 760.2 8.9 0.022 0.008 
FTOF 2 1 6 457.6 20.2 0.622 0.009 
FTOF 2 1 7 829.4 5.5 0.001 0.006 
FTOF 2 1 8 829.5 7.1 0.042 0.006 
FTOF 2 1 9 810.0 6.1 -0.082 0.006 
FTOF 2 1 10 819.1 5.0 -0.079 0.006 
FTOF 2 1 11 822.7 4.2 -0.032 0.005 
FTOF 2 1 12 792.4 3.8 -0.003 0.009 
FTOF 2 1 13 824.7 2.7 0.016 0.006 
FTOF 2 1 14 814.0 2.3 -0.127 0.005 
FTOF 2 1 15 804.1 2.4 -0.074 0.006 
FTOF 2 1 16 788.5 2.3 0.023 0.005 
FTOF 2 1 17 775.5 2.3 -0.014 0.005 
FTOF 2 1 18 795.0 2.2 -0.047 0.004 
FTOF 2 1 19 803.7 1.9 -0.137 0.004 
FTOF 2 1 20 812.4 1.8 0.013 0.005 
FTOF 2 1 21 784.9 1.5 0.14 0.005 
FTOF 2 1 22 793.1 2.1 0.042 0.006 
FTOF 2 1 23 791.6 20.7 0.069 0.01 
FTOF 2 2 1 13.3 1.4 0.0 0.0 
FTOF 2 2 2 13.3 1.4 0.0 0.0 
FTOF 2 2 3 13.3 1.4 0.0 0.0 
FTOF 2 2 4 13.3 1.4 0.0 0.0 
FTOF 2 2 5 13.3 1.4 0.0 0.0 
FTOF 2 2 6 13.3 1.4 0.0 0.0 
FTOF 2 2 7 13.3 1.4 0.0 0.0 
FTOF 2 2 8 13.3 1.4 0.0 0.0 
FTOF 2 2 9 13.3 1.4 0.0 0.0 
FTOF 2 2 10 13.3 1.4 0.0 0.0 
FTOF 2 2 11 13.3 1.4 0.0 0.0 
FTOF 2 2 12 13.3 1.4 0.0 0.0 
FTOF 2 2 13 13.3 1.4 0.0 0.0 
FTOF 2 2 14 13.3 1.4 0.0 0.0 
FTOF 2 2 15 13.3 1.4 0.0 0.0 
FTOF 2 2 16 13.3 1.4 0.0 0.0 
FTOF 2 2 17 13.3 1.4 0.0 0.0 
FTOF 2 2 18 13.3 1.4 0.0 0.0 
FTOF 2 2 19 13.3 1.4 0.0 0.0 
FTOF 2 2 20 13.3 1.4 0.0 0.0 
FTOF 2 2 21 13.3 1.4 0.0 0.0 
FTOF 2 2 22 13.3 1.4 0.0 0.0 
FTOF 2 2 23 13.3 1.4 0.0 0.0 
FTOF 2 2 24 13.3 1.4 0.0 0.0 
FTOF 2 2 25 13.3 1.4 0.0 0.0 
FTOF 2 2 26 13.3 1.4 0.0 0.0 
FTOF 2 2 27 13.3 1.4 0.0 0.0 
FTOF 2 2 28 13.3 1.4 0.0 0.0 
FTOF 2 2 29 13.3 1.4 0.0 0.0 
FTOF 2 2 30 13.3 1.4 0.0 0.0 
FTOF 2 2 31 13.3 1.4 0.0 0.0 
FTOF 2 2 32 13.3 1.4 0.0 0.0 
FTOF 2 2 33 13.3 1.4 0.0 0.0 
FTOF 2 2 34 13.3 1.4 0.0 0.0 
FTOF 2 2 35 13.3 1.4 0.0 0.0 
FTOF 2 2 36 13.3 1.4 0.0 0.0 
FTOF 2 2 37 13.3 1.4 0.0 0.0 
FTOF 2 2 38 13.3 1.4 0.0 0.0 
FTOF 2 2 39 13.3 1.4 0.0 0.0 
FTOF 2 2 40 13.3 1.4 0.0 0.0 
FTOF 2 2 41 13.3 1.4 0.0 0.0 
FTOF 2 2 42 13.3 1.4 0.0 0.0 
FTOF 2 2 43 13.3 1.4 0.0 0.0 
FTOF 2 2 44 13.3 1.4 0.0 0.0 
FTOF 2 2 45 13.3 1.4 0.0 0.0 
FTOF 2 2 46 13.3 1.4 0.0 0.0 
FTOF 2 2 47 13.3 1.4 0.0 0.0 
FTOF 2 2 48 13.3 1.4 0.0 0.0 
FTOF 2 2 49 13.3 1.4 0.0 0.0 
FTOF 2 2 50 13.3 1.4 0.0 0.0 
FTOF 2 2 51 13.3 1.4 0.0 0.0 
FTOF 2 2 52 13.3 1.4 0.0 0.0 
FTOF 2 2 53 13.3 1.4 0.0 0.0 
FTOF 2 2 54 13.3 1.4 0.0 0.0 
FTOF 2 2 55 13.3 1.4 0.0 0.0 
FTOF 2 2 56 13.3 1.4 0.0 0.0 
FTOF 2 2 57 13.3 1.4 0.0 0.0 
FTOF 2 2 58 13.3 1.4 0.0 0.0 
FTOF 2 2 59 13.3 1.4 0.0 0.0 
FTOF 2 2 60 13.3 1.4 0.0 0.0 
FTOF 2 2 61 13.3 1.4 0.0 0.0 
FTOF 2 2 62 13.3 1.4 0.0 0.0 
FTOF 2 3 1 10.0 1.4 0.0 0.0 
FTOF 2 3 2 10.0 1.4 0.0 0.0 
FTOF 2 3 3 10.0 1.4 0.0 0.0 
FTOF 2 3 4 10.0 1.4 0.0 0.0 
FTOF 2 3 5 10.0 1.4 0.0 0.0 
FTOF 3 1 1 10.0 1.4 0.0 0.0 
FTOF 3 1 2 10.0 1.4 0.0 0.0 
FTOF 3 1 3 10.0 1.4 0.0 0.0 
FTOF 3 1 4 10.0 1.4 0.0 0.0 
FTOF 3 1 5 10.0 1.4 0.0 0.0 
FTOF 3 1 6 10.0 1.4 0.0 0.0 
FTOF 3 1 7 10.0 1.4 0.0 0.0 
FTOF 3 1 8 10.0 1.4 0.0 0.0 
FTOF 3 1 9 10.0 1.4 0.0 0.0 
FTOF 3 1 10 10.0 1.4 0.0 0.0 
FTOF 3 1 11 10.0 1.4 0.0 0.0 
FTOF 3 1 12 10.0 1.4 0.0 0.0 
FTOF 3 1 13 10.0 1.4 0.0 0.0 
FTOF 3 1 14 10.0 1.4 0.0 0.0 
FTOF 3 1 15 10.0 1.4 0.0 0.0 
FTOF 3 1 16 10.0 1.4 0.0 0.0 
FTOF 3 1 17 10.0 1.4 0.0 0.0 
FTOF 3 1 18 10.0 1.4 0.0 0.0 
FTOF 3 1 19 10.0 1.4 0.0 0.0 
FTOF 3 1 20 10.0 1.4 0.0 0.0 
FTOF 3 1 21 10.0 1.4 0.0 0.0 
FTOF 3 1 22 10.0 1.4 0.0 0.0 
FTOF 3 1 23 10.0 1.4 0.0 0.0 
FTOF 3 2 1 13.3 1.4 0.0 0.0 
FTOF 3 2 2 13.3 1.4 0.0 0.0 
FTOF 3 2 3 13.3 1.4 0.0 0.0 
FTOF 3 2 4 13.3 1.4 0.0 0.0 
FTOF 3 2 5 13.3 1.4 0.0 0.0 
FTOF 3 2 6 13.3 1.4 0.0 0.0 
FTOF 3 2 7 13.3 1.4 0.0 0.0 
FTOF 3 2 8 13.3 1.4 0.0 0.0 
FTOF 3 2 9 13.3 1.4 0.0 0.0 
FTOF 3 2 10 13.3 1.4 0.0 0.0 
FTOF 3 2 11 13.3 1.4 0.0 0.0 
FTOF 3 2 12 13.3 1.4 0.0 0.0 
FTOF 3 2 13 13.3 1.4 0.0 0.0 
FTOF 3 2 14 13.3 1.4 0.0 0.0 
FTOF 3 2 15 13.3 1.4 0.0 0.0 
FTOF 3 2 16 13.3 1.4 0.0 0.0 
FTOF 3 2 17 13.3 1.4 0.0 0.0 
FTOF 3 2 18 13.3 1.4 0.0 0.0 
FTOF 3 2 19 13.3 1.4 0.0 0.0 
FTOF 3 2 20 13.3 1.4 0.0 0.0 
FTOF 3 2 21 13.3 1.4 0.0 0.0 
FTOF 3 2 22 13.3 1.4 0.0 0.0 
FTOF 3 2 23 13.3 1.4 0.0 0.0 
FTOF 3 2 24 13.3 1.4 0.0 0.0 
FTOF 3 2 25 13.3 1.4 0.0 0.0 
FTOF 3 2 26 13.3 1.4 0.0 0.0 
FTOF 3 2 27 13.3 1.4 0.0 0.0 
FTOF 3 2 28 13.3 1.4 0.0 0.0 
FTOF 3 2 29 13.3 1.4 0.0 0.0 
FTOF 3 2 30 13.3 1.4 0.0 0.0 
FTOF 3 2 31 13.3 1.4 0.0 0.0 
FTOF 3 2 32 13.3 1.4 0.0 0.0 
FTOF 3 2 33 13.3 1.4 0.0 0.0 
FTOF 3 2 34 13.3 1.4 0.0 0.0 
FTOF 3 2 35 13.3 1.4 0.0 0.0 
FTOF 3 2 36 13.3 1.4 0.0 0.0 
FTOF 3 2 37 13.3 1.4 0.0 0.0 
FTOF 3 2 38 13.3 1.4 0.0 0.0 
FTOF 3 2 39 13.3 1.4 0.0 0.0 
FTOF 3 2 40 13.3 1.4 0.0 0.0 
FTOF 3 2 41 13.3 1.4 0.0 0.0 
FTOF 3 2 42 13.3 1.4 0.0 0.0 
FTOF 3 2 43 13.3 1.4 0.0 0.0 
FTOF 3 2 44 13.3 1.4 0.0 0.0 
FTOF 3 2 45 13.3 1.4 0.0 0.0 
FTOF 3 2 46 13.3 1.4 0.0 0.0 
FTOF 3 2 47 13.3 1.4 0.0 0.0 
FTOF 3 2 48 13.3 1.4 0.0 0.0 
FTOF 3 2 49 13.3 1.4 0.0 0.0 
FTOF 3 2 50 13.3 1.4 0.0 0.0 
FTOF 3 2 51 13.3 1.4 0.0 0.0 
FTOF 3 2 52 13.3 1.4 0.0 0.0 
FTOF 3 2 53 13.3 1.4 0.0 0.0 
FTOF 3 2 54 13.3 1.4 0.0 0.0 
FTOF 3 2 55 13.3 1.4 0.0 0.0 
FTOF 3 2 56 13.3 1.4 0.0 0.0 
FTOF 3 2 57 13.3 1.4 0.0 0.0 
FTOF 3 2 58 13.3 1.4 0.0 0.0 
FTOF 3 2 59 13.3 1.4 0.0 0.0 
FTOF 3 2 60 13.3 1.4 0.0 0.0 
FTOF 3 2 61 13.3 1.4 0.0 0.0 
FTOF 3 2 62 13.3 1.4 0.0 0.0 
FTOF 3 3 1 10.0 1.4 0.0 0.0 
FTOF 3 3 2 10.0 1.4 0.0 0.0 
FTOF 3 3 3 10.0 1.4 0.0 0.0 
FTOF 3 3 4 10.0 1.4 0.0 0.0 
FTOF 3 3 5 10.0 1.4 0.0 0.0 
FTOF 4 1 1 10.0 1.4 0.0 0.0 
FTOF 4 1 2 10.0 1.4 0.0 0.0 
FTOF 4 1 3 10.0 1.4 0.0 0.0 
FTOF 4 1 4 10.0 1.4 0.0 0.0 
FTOF 4 1 5 10.0 1.4 0.0 0.0 
FTOF 4 1 6 10.0 1.4 0.0 0.0 
FTOF 4 1 7 10.0 1.4 0.0 0.0 
FTOF 4 1 8 10.0 1.4 0.0 0.0 
FTOF 4 1 9 10.0 1.4 0.0 0.0 
FTOF 4 1 10 10.0 1.4 0.0 0.0 
FTOF 4 1 11 10.0 1.4 0.0 0.0 
FTOF 4 1 12 10.0 1.4 0.0 0.0 
FTOF 4 1 13 10.0 1.4 0.0 0.0 
FTOF 4 1 14 10.0 1.4 0.0 0.0 
FTOF 4 1 15 10.0 1.4 0.0 0.0 
FTOF 4 1 16 10.0 1.4 0.0 0.0 
FTOF 4 1 17 10.0 1.4 0.0 0.0 
FTOF 4 1 18 10.0 1.4 0.0 0.0 
FTOF 4 1 19 10.0 1.4 0.0 0.0 
FTOF 4 1 20 10.0 1.4 0.0 0.0 
FTOF 4 1 21 10.0 1.4 0.0 0.0 
FTOF 4 1 22 10.0 1.4 0.0 0.0 
FTOF 4 1 23 10.0 1.4 0.0 0.0 
FTOF 4 2 1 13.3 1.4 0.0 0.0 
FTOF 4 2 2 13.3 1.4 0.0 0.0 
FTOF 4 2 3 13.3 1.4 0.0 0.0 
FTOF 4 2 4 13.3 1.4 0.0 0.0 
FTOF 4 2 5 13.3 1.4 0.0 0.0 
FTOF 4 2 6 13.3 1.4 0.0 0.0 
FTOF 4 2 7 13.3 1.4 0.0 0.0 
FTOF 4 2 8 13.3 1.4 0.0 0.0 
FTOF 4 2 9 13.3 1.4 0.0 0.0 
FTOF 4 2 10 13.3 1.4 0.0 0.0 
FTOF 4 2 11 13.3 1.4 0.0 0.0 
FTOF 4 2 12 13.3 1.4 0.0 0.0 
FTOF 4 2 13 13.3 1.4 0.0 0.0 
FTOF 4 2 14 13.3 1.4 0.0 0.0 
FTOF 4 2 15 13.3 1.4 0.0 0.0 
FTOF 4 2 16 13.3 1.4 0.0 0.0 
FTOF 4 2 17 13.3 1.4 0.0 0.0 
FTOF 4 2 18 13.3 1.4 0.0 0.0 
FTOF 4 2 19 13.3 1.4 0.0 0.0 
FTOF 4 2 20 13.3 1.4 0.0 0.0 
FTOF 4 2 21 13.3 1.4 0.0 0.0 
FTOF 4 2 22 13.3 1.4 0.0 0.0 
FTOF 4 2 23 13.3 1.4 0.0 0.0 
FTOF 4 2 24 13.3 1.4 0.0 0.0 
FTOF 4 2 25 13.3 1.4 0.0 0.0 
FTOF 4 2 26 13.3 1.4 0.0 0.0 
FTOF 4 2 27 13.3 1.4 0.0 0.0 
FTOF 4 2 28 13.3 1.4 0.0 0.0 
FTOF 4 2 29 13.3 1.4 0.0 0.0 
FTOF 4 2 30 13.3 1.4 0.0 0.0 
FTOF 4 2 31 13.3 1.4 0.0 0.0 
FTOF 4 2 32 13.3 1.4 0.0 0.0 
FTOF 4 2 33 13.3 1.4 0.0 0.0 
FTOF 4 2 34 13.3 1.4 0.0 0.0 
FTOF 4 2 35 13.3 1.4 0.0 0.0 
FTOF 4 2 36 13.3 1.4 0.0 0.0 
FTOF 4 2 37 13.3 1.4 0.0 0.0 
FTOF 4 2 38 13.3 1.4 0.0 0.0 
FTOF 4 2 39 13.3 1.4 0.0 0.0 
FTOF 4 2 40 13.3 1.4 0.0 0.0 
FTOF 4 2 41 13.3 1.4 0.0 0.0 
FTOF 4 2 42 13.3 1.4 0.0 0.0 
FTOF 4 2 43 13.3 1.4 0.0 0.0 
FTOF 4 2 44 13.3 1.4 0.0 0.0 
FTOF 4 2 45 13.3 1.4 0.0 0.0 
FTOF 4 2 46 13.3 1.4 0.0 0.0 
FTOF 4 2 47 13.3 1.4 0.0 0.0 
FTOF 4 2 48 13.3 1.4 0.0 0.0 
FTOF 4 2 49 13.3 1.4 0.0 0.0 
FTOF 4 2 50 13.3 1.4 0.0 0.0 
FTOF 4 2 51 13.3 1.4 0.0 0.0 
FTOF 4 2 52 13.3 1.4 0.0 0.0 
FTOF 4 2 53 13.3 1.4 0.0 0.0 
FTOF 4 2 54 13.3 1.4 0.0 0.0 
FTOF 4 2 55 13.3 1.4 0.0 0.0 
FTOF 4 2 56 13.3 1.4 0.0 0.0 
FTOF 4 2 57 13.3 1.4 0.0 0.0 
FTOF 4 2 58 13.3 1.4 0.0 0.0 
FTOF 4 2 59 13.3 1.4 0.0 0.0 
FTOF 4 2 60 13.3 1.4 0.0 0.0 
FTOF 4 2 61 13.3 1.4 0.0 0.0 
FTOF 4 2 62 13.3 1.4 0.0 0.0 
FTOF 4 3 1 10.0 1.4 0.0 0.0 
FTOF 4 3 2 10.0 1.4 0.0 0.0 
FTOF 4 3 3 10.0 1.4 0.0 0.0 
FTOF 4 3 4 10.0 1.4 0.0 0.0 
FTOF 4 3 5 10.0 1.4 0.0 0.0 
FTOF 5 1 1 10.0 1.4 0.0 0.0 
FTOF 5 1 2 10.0 1.4 0.0 0.0 
FTOF 5 1 3 10.0 1.4 0.0 0.0 
FTOF 5 1 4 10.0 1.4 0.0 0.0 
FTOF 5 1 5 10.0 1.4 0.0 0.0 
FTOF 5 1 6 10.0 1.4 0.0 0.0 
FTOF 5 1 7 10.0 1.4 0.0 0.0 
FTOF 5 1 8 10.0 1.4 0.0 0.0 
FTOF 5 1 9 10.0 1.4 0.0 0.0 
FTOF 5 1 10 10.0 1.4 0.0 0.0 
FTOF 5 1 11 10.0 1.4 0.0 0.0 
FTOF 5 1 12 10.0 1.4 0.0 0.0 
FTOF 5 1 13 10.0 1.4 0.0 0.0 
FTOF 5 1 14 10.0 1.4 0.0 0.0 
FTOF 5 1 15 10.0 1.4 0.0 0.0 
FTOF 5 1 16 10.0 1.4 0.0 0.0 
FTOF 5 1 17 10.0 1.4 0.0 0.0 
FTOF 5 1 18 10.0 1.4 0.0 0.0 
FTOF 5 1 19 10.0 1.4 0.0 0.0 
FTOF 5 1 20 10.0 1.4 0.0 0.0 
FTOF 5 1 21 10.0 1.4 0.0 0.0 
FTOF 5 1 22 10.0 1.4 0.0 0.0 
FTOF 5 1 23 10.0 1.4 0.0 0.0 
FTOF 5 2 1 13.3 1.4 0.0 0.0 
FTOF 5 2 2 13.3 1.4 0.0 0.0 
FTOF 5 2 3 13.3 1.4 0.0 0.0 
FTOF 5 2 4 13.3 1.4 0.0 0.0 
FTOF 5 2 5 13.3 1.4 0.0 0.0 
FTOF 5 2 6 13.3 1.4 0.0 0.0 
FTOF 5 2 7 13.3 1.4 0.0 0.0 
FTOF 5 2 8 13.3 1.4 0.0 0.0 
FTOF 5 2 9 13.3 1.4 0.0 0.0 
FTOF 5 2 10 13.3 1.4 0.0 0.0 
FTOF 5 2 11 13.3 1.4 0.0 0.0 
FTOF 5 2 12 13.3 1.4 0.0 0.0 
FTOF 5 2 13 13.3 1.4 0.0 0.0 
FTOF 5 2 14 13.3 1.4 0.0 0.0 
FTOF 5 2 15 13.3 1.4 0.0 0.0 
FTOF 5 2 16 13.3 1.4 0.0 0.0 
FTOF 5 2 17 13.3 1.4 0.0 0.0 
FTOF 5 2 18 13.3 1.4 0.0 0.0 
FTOF 5 2 19 13.3 1.4 0.0 0.0 
FTOF 5 2 20 13.3 1.4 0.0 0.0 
FTOF 5 2 21 13.3 1.4 0.0 0.0 
FTOF 5 2 22 13.3 1.4 0.0 0.0 
FTOF 5 2 23 13.3 1.4 0.0 0.0 
FTOF 5 2 24 13.3 1.4 0.0 0.0 
FTOF 5 2 25 13.3 1.4 0.0 0.0 
FTOF 5 2 26 13.3 1.4 0.0 0.0 
FTOF 5 2 27 13.3 1.4 0.0 0.0 
FTOF 5 2 28 13.3 1.4 0.0 0.0 
FTOF 5 2 29 13.3 1.4 0.0 0.0 
FTOF 5 2 30 13.3 1.4 0.0 0.0 
FTOF 5 2 31 13.3 1.4 0.0 0.0 
FTOF 5 2 32 13.3 1.4 0.0 0.0 
FTOF 5 2 33 13.3 1.4 0.0 0.0 
FTOF 5 2 34 13.3 1.4 0.0 0.0 
FTOF 5 2 35 13.3 1.4 0.0 0.0 
FTOF 5 2 36 13.3 1.4 0.0 0.0 
FTOF 5 2 37 13.3 1.4 0.0 0.0 
FTOF 5 2 38 13.3 1.4 0.0 0.0 
FTOF 5 2 39 13.3 1.4 0.0 0.0 
FTOF 5 2 40 13.3 1.4 0.0 0.0 
FTOF 5 2 41 13.3 1.4 0.0 0.0 
FTOF 5 2 42 13.3 1.4 0.0 0.0 
FTOF 5 2 43 13.3 1.4 0.0 0.0 
FTOF 5 2 44 13.3 1.4 0.0 0.0 
FTOF 5 2 45 13.3 1.4 0.0 0.0 
FTOF 5 2 46 13.3 1.4 0.0 0.0 
FTOF 5 2 47 13.3 1.4 0.0 0.0 
FTOF 5 2 48 13.3 1.4 0.0 0.0 
FTOF 5 2 49 13.3 1.4 0.0 0.0 
FTOF 5 2 50 13.3 1.4 0.0 0.0 
FTOF 5 2 51 13.3 1.4 0.0 0.0 
FTOF 5 2 52 13.3 1.4 0.0 0.0 
FTOF 5 2 53 13.3 1.4 0.0 0.0 
FTOF 5 2 54 13.3 1.4 0.0 0.0 
FTOF 5 2 55 13.3 1.4 0.0 0.0 
FTOF 5 2 56 13.3 1.4 0.0 0.0 
FTOF 5 2 57 13.3 1.4 0.0 0.0 
FTOF 5 2 58 13.3 1.4 0.0 0.0 
FTOF 5 2 59 13.3 1.4 0.0 0.0 
FTOF 5 2 60 13.3 1.4 0.0 0.0 
FTOF 5 2 61 13.3 1.4 0.0 0.0 
FTOF 5 2 62 13.3 1.4 0.0 0.0 
FTOF 5 3 1 10.0 1.4 0.0 0.0 
FTOF 5 3 2 10.0 1.4 0.0 0.0 
FTOF 5 3 3 10.0 1.4 0.0 0.0 
FTOF 5 3 4 10.0 1.4 0.0 0.0 
FTOF 5 3 5 10.0 1.4 0.0 0.0 
FTOF 6 1 1 10.0 1.4 0.0 0.0 
FTOF 6 1 2 10.0 1.4 0.0 0.0 
FTOF 6 1 3 10.0 1.4 0.0 0.0 
FTOF 6 1 4 10.0 1.4 0.0 0.0 
FTOF 6 1 5 10.0 1.4 0.0 0.0 
FTOF 6 1 6 10.0 1.4 0.0 0.0 
FTOF 6 1 7 10.0 1.4 0.0 0.0 
FTOF 6 1 8 10.0 1.4 0.0 0.0 
FTOF 6 1 9 10.0 1.4 0.0 0.0 
FTOF 6 1 10 10.0 1.4 0.0 0.0 
FTOF 6 1 11 10.0 1.4 0.0 0.0 
FTOF 6 1 12 10.0 1.4 0.0 0.0 
FTOF 6 1 13 10.0 1.4 0.0 0.0 
FTOF 6 1 14 10.0 1.4 0.0 0.0 
FTOF 6 1 15 10.0 1.4 0.0 0.0 
FTOF 6 1 16 10.0 1.4 0.0 0.0 
FTOF 6 1 17 10.0 1.4 0.0 0.0 
FTOF 6 1 18 10.0 1.4 0.0 0.0 
FTOF 6 1 19 10.0 1.4 0.0 0.0 
FTOF 6 1 20 10.0 1.4 0.0 0.0 
FTOF 6 1 21 10.0 1.4 0.0 0.0 
FTOF 6 1 22 10.0 1.4 0.0 0.0 
FTOF 6 1 23 10.0 1.4 0.0 0.0 
FTOF 6 2 1 13.3 1.4 0.0 0.0 
FTOF 6 2 2 13.3 1.4 0.0 0.0 
FTOF 6 2 3 13.3 1.4 0.0 0.0 
FTOF 6 2 4 13.3 1.4 0.0 0.0 
FTOF 6 2 5 13.3 1.4 0.0 0.0 
FTOF 6 2 6 13.3 1.4 0.0 0.0 
FTOF 6 2 7 13.3 1.4 0.0 0.0 
FTOF 6 2 8 13.3 1.4 0.0 0.0 
FTOF 6 2 9 13.3 1.4 0.0 0.0 
FTOF 6 2 10 13.3 1.4 0.0 0.0 
FTOF 6 2 11 13.3 1.4 0.0 0.0 
FTOF 6 2 12 13.3 1.4 0.0 0.0 
FTOF 6 2 13 13.3 1.4 0.0 0.0 
FTOF 6 2 14 13.3 1.4 0.0 0.0 
FTOF 6 2 15 13.3 1.4 0.0 0.0 
FTOF 6 2 16 13.3 1.4 0.0 0.0 
FTOF 6 2 17 13.3 1.4 0.0 0.0 
FTOF 6 2 18 13.3 1.4 0.0 0.0 
FTOF 6 2 19 13.3 1.4 0.0 0.0 
FTOF 6 2 20 13.3 1.4 0.0 0.0 
FTOF 6 2 21 13.3 1.4 0.0 0.0 
FTOF 6 2 22 13.3 1.4 0.0 0.0 
FTOF 6 2 23 13.3 1.4 0.0 0.0 
FTOF 6 2 24 13.3 1.4 0.0 0.0 
FTOF 6 2 25 13.3 1.4 0.0 0.0 
FTOF 6 2 26 13.3 1.4 0.0 0.0 
FTOF 6 2 27 13.3 1.4 0.0 0.0 
FTOF 6 2 28 13.3 1.4 0.0 0.0 
FTOF 6 2 29 13.3 1.4 0.0 0.0 
FTOF 6 2 30 13.3 1.4 0.0 0.0 
FTOF 6 2 31 13.3 1.4 0.0 0.0 
FTOF 6 2 32 13.3 1.4 0.0 0.0 
FTOF 6 2 33 13.3 1.4 0.0 0.0 
FTOF 6 2 34 13.3 1.4 0.0 0.0 
FTOF 6 2 35 13.3 1.4 0.0 0.0 
FTOF 6 2 36 13.3 1.4 0.0 0.0 
FTOF 6 2 37 13.3 1.4 0.0 0.0 
FTOF 6 2 38 13.3 1.4 0.0 0.0 
FTOF 6 2 39 13.3 1.4 0.0 0.0 
FTOF 6 2 40 13.3 1.4 0.0 0.0 
FTOF 6 2 41 13.3 1.4 0.0 0.0 
FTOF 6 2 42 13.3 1.4 0.0 0.0 
FTOF 6 2 43 13.3 1.4 0.0 0.0 
FTOF 6 2 44 13.3 1.4 0.0 0.0 
FTOF 6 2 45 13.3 1.4 0.0 0.0 
FTOF 6 2 46 13.3 1.4 0.0 0.0 
FTOF 6 2 47 13.3 1.4 0.0 0.0 
FTOF 6 2 48 13.3 1.4 0.0 0.0 
FTOF 6 2 49 13.3 1.4 0.0 0.0 
FTOF 6 2 50 13.3 1.4 0.0 0.0 
FTOF 6 2 51 13.3 1.4 0.0 0.0 
FTOF 6 2 52 13.3 1.4 0.0 0.0 
FTOF 6 2 53 13.3 1.4 0.0 0.0 
FTOF 6 2 54 13.3 1.4 0.0 0.0 
FTOF 6 2 55 13.3 1.4 0.0 0.0 
FTOF 6 2 56 13.3 1.4 0.0 0.0 
FTOF 6 2 57 13.3 1.4 0.0 0.0 
FTOF 6 2 58 13.3 1.4 0.0 0.0 
FTOF 6 2 59 13.3 1.4 0.0 0.0 
FTOF 6 2 60 13.3 1.4 0.0 0.0 
FTOF 6 2 61 13.3 1.4 0.0 0.0 
FTOF 6 2 62 13.3 1.4 0.0 0.0 
FTOF 6 3 1 10.0 1.4 0.0 0.0 
FTOF 6 3 2 10.0 1.4 0.0 0.0 
FTOF 6 3 3 10.0 1.4 0.0 0.0 
FTOF 6 3 4 10.0 1.4 0.0 0.0 
FTOF 6 3 5 10.0 1.4 0.0 0.0 
