FTOF 1 1 1 0.0 0.0 0.0 
FTOF 1 1 2 0.0 0.0 0.0 
FTOF 1 1 3 0.0 0.0 0.0 
FTOF 1 1 4 0.0 0.0 0.0 
FTOF 1 1 5 0.0 0.0 0.0 
FTOF 1 1 6 0.0 0.0 0.0 
FTOF 1 1 7 0.0 0.0 0.0 
FTOF 1 1 8 0.0 0.0 0.0 
FTOF 1 1 9 0.0 0.0 0.0 
FTOF 1 1 10 0.0 0.0 0.0 
FTOF 1 1 11 0.0 0.0 0.0 
FTOF 1 1 12 0.0 0.0 0.0 
FTOF 1 1 13 0.0 0.0 0.0 
FTOF 1 1 14 0.0 0.0 0.0 
FTOF 1 1 15 0.0 0.0 0.0 
FTOF 1 1 16 0.0 0.0 0.0 
FTOF 1 1 17 0.0 0.0 0.0 
FTOF 1 1 18 0.0 0.0 0.0 
FTOF 1 1 19 0.0 0.0 0.0 
FTOF 1 1 20 0.0 0.0 0.0 
FTOF 1 1 21 0.0 0.0 0.0 
FTOF 1 1 22 0.0 0.0 0.0 
FTOF 1 1 23 0.0 0.0 0.0 
FTOF 1 2 1 0.0 0.0 0.0 
FTOF 1 2 2 0.0 0.0 0.0 
FTOF 1 2 3 0.0 0.0 0.0 
FTOF 1 2 4 0.0 0.0 0.0 
FTOF 1 2 5 0.0 0.0 0.0 
FTOF 1 2 6 0.0 0.0 0.0 
FTOF 1 2 7 0.0 0.0 0.0 
FTOF 1 2 8 0.0 0.0 0.0 
FTOF 1 2 9 0.0 0.0 0.0 
FTOF 1 2 10 0.0 0.0 0.0 
FTOF 1 2 11 0.0 0.0 0.0 
FTOF 1 2 12 0.0 0.0 0.0 
FTOF 1 2 13 0.0 0.0 0.0 
FTOF 1 2 14 0.0 0.0 0.0 
FTOF 1 2 15 0.0 0.0 0.0 
FTOF 1 2 16 0.0 0.0 0.0 
FTOF 1 2 17 0.0 0.0 0.0 
FTOF 1 2 18 0.0 0.0 0.0 
FTOF 1 2 19 0.0 0.0 0.0 
FTOF 1 2 20 0.0 0.0 0.0 
FTOF 1 2 21 0.0 0.0 0.0 
FTOF 1 2 22 0.0 0.0 0.0 
FTOF 1 2 23 0.0 0.0 0.0 
FTOF 1 2 24 0.0 0.0 0.0 
FTOF 1 2 25 0.0 0.0 0.0 
FTOF 1 2 26 0.0 0.0 0.0 
FTOF 1 2 27 0.0 0.0 0.0 
FTOF 1 2 28 0.0 0.0 0.0 
FTOF 1 2 29 0.0 0.0 0.0 
FTOF 1 2 30 0.0 0.0 0.0 
FTOF 1 2 31 0.0 0.0 0.0 
FTOF 1 2 32 0.0 0.0 0.0 
FTOF 1 2 33 0.0 0.0 0.0 
FTOF 1 2 34 0.0 0.0 0.0 
FTOF 1 2 35 0.0 0.0 0.0 
FTOF 1 2 36 0.0 0.0 0.0 
FTOF 1 2 37 0.0 0.0 0.0 
FTOF 1 2 38 0.0 0.0 0.0 
FTOF 1 2 39 0.0 0.0 0.0 
FTOF 1 2 40 0.0 0.0 0.0 
FTOF 1 2 41 0.0 0.0 0.0 
FTOF 1 2 42 0.0 0.0 0.0 
FTOF 1 2 43 0.0 0.0 0.0 
FTOF 1 2 44 0.0 0.0 0.0 
FTOF 1 2 45 0.0 0.0 0.0 
FTOF 1 2 46 0.0 0.0 0.0 
FTOF 1 2 47 0.0 0.0 0.0 
FTOF 1 2 48 0.0 0.0 0.0 
FTOF 1 2 49 0.0 0.0 0.0 
FTOF 1 2 50 0.0 0.0 0.0 
FTOF 1 2 51 0.0 0.0 0.0 
FTOF 1 2 52 0.0 0.0 0.0 
FTOF 1 2 53 0.0 0.0 0.0 
FTOF 1 2 54 0.0 0.0 0.0 
FTOF 1 2 55 0.0 0.0 0.0 
FTOF 1 2 56 0.0 0.0 0.0 
FTOF 1 2 57 0.0 0.0 0.0 
FTOF 1 2 58 0.0 0.0 0.0 
FTOF 1 2 59 0.0 0.0 0.0 
FTOF 1 2 60 0.0 0.0 0.0 
FTOF 1 2 61 0.0 0.0 0.0 
FTOF 1 2 62 0.0 0.0 0.0 
FTOF 1 3 1 0.0 0.0 0.0 
FTOF 1 3 2 0.0 0.0 0.0 
FTOF 1 3 3 0.0 0.0 0.0 
FTOF 1 3 4 0.0 0.0 0.0 
FTOF 1 3 5 0.0 0.0 0.0 
FTOF 2 1 1 88.694 47.012 0.671 
FTOF 2 1 2 115.446 98.792 -0.226 
FTOF 2 1 3 76.273 26.43 -0.219 
FTOF 2 1 4 108.459 39.531 0.318 
FTOF 2 1 5 98.48 26.898 0.072 
FTOF 2 1 6 95.626 19.289 0.562 
FTOF 2 1 7 123.32 30.538 0.006 
FTOF 2 1 8 129.622 29.371 0.142 
FTOF 2 1 9 132.363 25.918 -0.092 
FTOF 2 1 10 127.894 20.823 -0.231 
FTOF 2 1 11 143.691 23.699 -0.064 
FTOF 2 1 12 99.97 10.095 -0.313 
FTOF 2 1 13 139.657 18.021 -0.117 
FTOF 2 1 14 140.686 16.364 -0.372 
FTOF 2 1 15 135.54 14.41 -0.166 
FTOF 2 1 16 146.147 16.329 -0.15 
FTOF 2 1 17 147.767 15.496 -0.603 
FTOF 2 1 18 190.497 25.143 -0.045 
FTOF 2 1 19 173.641 17.46 -0.414 
FTOF 2 1 20 174.009 20.018 -0.199 
FTOF 2 1 21 176.595 19.268 0.388 
FTOF 2 1 22 179.562 17.198 -0.076 
FTOF 2 1 23 175.478 18.613 0.18 
FTOF 2 2 1 84.97 111.405 0.295 
FTOF 2 2 2 132.709 332.828 0.071 
FTOF 2 2 3 151.629 296.817 -0.061 
FTOF 2 2 4 105.09 105.3 -0.293 
FTOF 2 2 5 134.26 150.739 0.034 
FTOF 2 2 6 159.755 189.179 0.135 
FTOF 2 2 7 155.882 145.215 -0.137 
FTOF 2 2 8 123.733 75.795 0.062 
FTOF 2 2 9 151.881 114.202 -0.231 
FTOF 2 2 10 209.27 198.96 -0.116 
FTOF 2 2 11 209.495 183.827 -0.129 
FTOF 2 2 12 215.358 179.85 -0.041 
FTOF 2 2 13 172.616 93.664 0.079 
FTOF 2 2 14 145.96 59.088 -0.041 
FTOF 2 2 15 159.574 62.917 0.032 
FTOF 2 2 16 179.715 79.802 -0.102 
FTOF 2 2 17 193.246 87.368 -0.021 
FTOF 2 2 18 137.042 37.712 -0.025 
FTOF 2 2 19 139.573 37.298 0.009 
FTOF 2 2 20 185.996 66.235 0.058 
FTOF 2 2 21 141.986 33.741 0.01 
FTOF 2 2 22 197.81 68.4 0.021 
FTOF 2 2 23 179.488 51.686 0.024 
FTOF 2 2 24 148.388 31.328 0.013 
FTOF 2 2 25 179.258 45.719 -0.031 
FTOF 2 2 26 190.326 49.617 -0.061 
FTOF 2 2 27 223.255 65.788 -0.175 
FTOF 2 2 28 197.593 49.703 -0.059 
FTOF 2 2 29 172.308 35.248 -0.213 
FTOF 2 2 30 172.269 31.912 -0.213 
FTOF 2 2 31 141.19 20.77 -0.083 
FTOF 2 2 32 268.62 77.592 -0.209 
FTOF 2 2 33 235.77 54.475 -0.025 
FTOF 2 2 34 301.229 91.66 -0.046 
FTOF 2 2 35 275.44 72.172 -0.073 
FTOF 2 2 36 239.893 51.676 -0.074 
FTOF 2 2 37 250.465 53.286 -0.003 
FTOF 2 2 38 327.879 93.865 -0.074 
FTOF 2 2 39 216.165 37.62 -0.148 
FTOF 2 2 40 227.804 39.673 -0.149 
FTOF 2 2 41 265.474 53.879 -0.254 
FTOF 2 2 42 236.087 40.532 -0.118 
FTOF 2 2 43 218.135 32.967 -0.142 
FTOF 2 2 44 288.176 58.935 -0.119 
FTOF 2 2 45 241.176 39.359 -0.191 
FTOF 2 2 46 261.606 46.309 -0.094 
FTOF 2 2 47 267.61 45.241 -0.033 
FTOF 2 2 48 287.983 51.24 -0.246 
FTOF 2 2 49 280.189 48.504 -0.117 
FTOF 2 2 50 312.471 66.068 -0.154 
FTOF 2 2 51 350.321 79.297 -0.01 
FTOF 2 2 52 323.885 66.269 -0.096 
FTOF 2 2 53 324.613 61.021 -0.095 
FTOF 2 2 54 317.766 66.755 -0.016 
FTOF 2 2 55 256.922 45.734 0.042 
FTOF 2 2 56 353.832 75.676 -0.019 
FTOF 2 2 57 299.101 61.982 -0.06 
FTOF 2 2 58 224.628 40.623 -0.155 
FTOF 2 2 59 246.659 48.982 -0.2 
FTOF 2 2 60 272.855 59.939 -0.096 
FTOF 2 2 61 283.779 64.834 -0.119 
FTOF 2 2 62 312.443 72.772 -0.049 
FTOF 2 3 1 0.0 0.0 0.0 
FTOF 2 3 2 0.0 0.0 0.0 
FTOF 2 3 3 0.0 0.0 0.0 
FTOF 2 3 4 0.0 0.0 0.0 
FTOF 2 3 5 0.0 0.0 0.0 
FTOF 3 1 1 0.0 0.0 0.0 
FTOF 3 1 2 0.0 0.0 0.0 
FTOF 3 1 3 0.0 0.0 0.0 
FTOF 3 1 4 0.0 0.0 0.0 
FTOF 3 1 5 0.0 0.0 0.0 
FTOF 3 1 6 0.0 0.0 0.0 
FTOF 3 1 7 0.0 0.0 0.0 
FTOF 3 1 8 0.0 0.0 0.0 
FTOF 3 1 9 0.0 0.0 0.0 
FTOF 3 1 10 0.0 0.0 0.0 
FTOF 3 1 11 0.0 0.0 0.0 
FTOF 3 1 12 0.0 0.0 0.0 
FTOF 3 1 13 0.0 0.0 0.0 
FTOF 3 1 14 0.0 0.0 0.0 
FTOF 3 1 15 0.0 0.0 0.0 
FTOF 3 1 16 0.0 0.0 0.0 
FTOF 3 1 17 0.0 0.0 0.0 
FTOF 3 1 18 0.0 0.0 0.0 
FTOF 3 1 19 0.0 0.0 0.0 
FTOF 3 1 20 0.0 0.0 0.0 
FTOF 3 1 21 0.0 0.0 0.0 
FTOF 3 1 22 0.0 0.0 0.0 
FTOF 3 1 23 0.0 0.0 0.0 
FTOF 3 2 1 0.0 0.0 0.0 
FTOF 3 2 2 0.0 0.0 0.0 
FTOF 3 2 3 0.0 0.0 0.0 
FTOF 3 2 4 0.0 0.0 0.0 
FTOF 3 2 5 0.0 0.0 0.0 
FTOF 3 2 6 0.0 0.0 0.0 
FTOF 3 2 7 0.0 0.0 0.0 
FTOF 3 2 8 0.0 0.0 0.0 
FTOF 3 2 9 0.0 0.0 0.0 
FTOF 3 2 10 0.0 0.0 0.0 
FTOF 3 2 11 0.0 0.0 0.0 
FTOF 3 2 12 0.0 0.0 0.0 
FTOF 3 2 13 0.0 0.0 0.0 
FTOF 3 2 14 0.0 0.0 0.0 
FTOF 3 2 15 0.0 0.0 0.0 
FTOF 3 2 16 0.0 0.0 0.0 
FTOF 3 2 17 0.0 0.0 0.0 
FTOF 3 2 18 0.0 0.0 0.0 
FTOF 3 2 19 0.0 0.0 0.0 
FTOF 3 2 20 0.0 0.0 0.0 
FTOF 3 2 21 0.0 0.0 0.0 
FTOF 3 2 22 0.0 0.0 0.0 
FTOF 3 2 23 0.0 0.0 0.0 
FTOF 3 2 24 0.0 0.0 0.0 
FTOF 3 2 25 0.0 0.0 0.0 
FTOF 3 2 26 0.0 0.0 0.0 
FTOF 3 2 27 0.0 0.0 0.0 
FTOF 3 2 28 0.0 0.0 0.0 
FTOF 3 2 29 0.0 0.0 0.0 
FTOF 3 2 30 0.0 0.0 0.0 
FTOF 3 2 31 0.0 0.0 0.0 
FTOF 3 2 32 0.0 0.0 0.0 
FTOF 3 2 33 0.0 0.0 0.0 
FTOF 3 2 34 0.0 0.0 0.0 
FTOF 3 2 35 0.0 0.0 0.0 
FTOF 3 2 36 0.0 0.0 0.0 
FTOF 3 2 37 0.0 0.0 0.0 
FTOF 3 2 38 0.0 0.0 0.0 
FTOF 3 2 39 0.0 0.0 0.0 
FTOF 3 2 40 0.0 0.0 0.0 
FTOF 3 2 41 0.0 0.0 0.0 
FTOF 3 2 42 0.0 0.0 0.0 
FTOF 3 2 43 0.0 0.0 0.0 
FTOF 3 2 44 0.0 0.0 0.0 
FTOF 3 2 45 0.0 0.0 0.0 
FTOF 3 2 46 0.0 0.0 0.0 
FTOF 3 2 47 0.0 0.0 0.0 
FTOF 3 2 48 0.0 0.0 0.0 
FTOF 3 2 49 0.0 0.0 0.0 
FTOF 3 2 50 0.0 0.0 0.0 
FTOF 3 2 51 0.0 0.0 0.0 
FTOF 3 2 52 0.0 0.0 0.0 
FTOF 3 2 53 0.0 0.0 0.0 
FTOF 3 2 54 0.0 0.0 0.0 
FTOF 3 2 55 0.0 0.0 0.0 
FTOF 3 2 56 0.0 0.0 0.0 
FTOF 3 2 57 0.0 0.0 0.0 
FTOF 3 2 58 0.0 0.0 0.0 
FTOF 3 2 59 0.0 0.0 0.0 
FTOF 3 2 60 0.0 0.0 0.0 
FTOF 3 2 61 0.0 0.0 0.0 
FTOF 3 2 62 0.0 0.0 0.0 
FTOF 3 3 1 0.0 0.0 0.0 
FTOF 3 3 2 0.0 0.0 0.0 
FTOF 3 3 3 0.0 0.0 0.0 
FTOF 3 3 4 0.0 0.0 0.0 
FTOF 3 3 5 0.0 0.0 0.0 
FTOF 4 1 1 0.0 0.0 0.0 
FTOF 4 1 2 0.0 0.0 0.0 
FTOF 4 1 3 0.0 0.0 0.0 
FTOF 4 1 4 0.0 0.0 0.0 
FTOF 4 1 5 0.0 0.0 0.0 
FTOF 4 1 6 0.0 0.0 0.0 
FTOF 4 1 7 0.0 0.0 0.0 
FTOF 4 1 8 0.0 0.0 0.0 
FTOF 4 1 9 0.0 0.0 0.0 
FTOF 4 1 10 0.0 0.0 0.0 
FTOF 4 1 11 0.0 0.0 0.0 
FTOF 4 1 12 0.0 0.0 0.0 
FTOF 4 1 13 0.0 0.0 0.0 
FTOF 4 1 14 0.0 0.0 0.0 
FTOF 4 1 15 0.0 0.0 0.0 
FTOF 4 1 16 0.0 0.0 0.0 
FTOF 4 1 17 0.0 0.0 0.0 
FTOF 4 1 18 0.0 0.0 0.0 
FTOF 4 1 19 0.0 0.0 0.0 
FTOF 4 1 20 0.0 0.0 0.0 
FTOF 4 1 21 0.0 0.0 0.0 
FTOF 4 1 22 0.0 0.0 0.0 
FTOF 4 1 23 0.0 0.0 0.0 
FTOF 4 2 1 0.0 0.0 0.0 
FTOF 4 2 2 0.0 0.0 0.0 
FTOF 4 2 3 0.0 0.0 0.0 
FTOF 4 2 4 0.0 0.0 0.0 
FTOF 4 2 5 0.0 0.0 0.0 
FTOF 4 2 6 0.0 0.0 0.0 
FTOF 4 2 7 0.0 0.0 0.0 
FTOF 4 2 8 0.0 0.0 0.0 
FTOF 4 2 9 0.0 0.0 0.0 
FTOF 4 2 10 0.0 0.0 0.0 
FTOF 4 2 11 0.0 0.0 0.0 
FTOF 4 2 12 0.0 0.0 0.0 
FTOF 4 2 13 0.0 0.0 0.0 
FTOF 4 2 14 0.0 0.0 0.0 
FTOF 4 2 15 0.0 0.0 0.0 
FTOF 4 2 16 0.0 0.0 0.0 
FTOF 4 2 17 0.0 0.0 0.0 
FTOF 4 2 18 0.0 0.0 0.0 
FTOF 4 2 19 0.0 0.0 0.0 
FTOF 4 2 20 0.0 0.0 0.0 
FTOF 4 2 21 0.0 0.0 0.0 
FTOF 4 2 22 0.0 0.0 0.0 
FTOF 4 2 23 0.0 0.0 0.0 
FTOF 4 2 24 0.0 0.0 0.0 
FTOF 4 2 25 0.0 0.0 0.0 
FTOF 4 2 26 0.0 0.0 0.0 
FTOF 4 2 27 0.0 0.0 0.0 
FTOF 4 2 28 0.0 0.0 0.0 
FTOF 4 2 29 0.0 0.0 0.0 
FTOF 4 2 30 0.0 0.0 0.0 
FTOF 4 2 31 0.0 0.0 0.0 
FTOF 4 2 32 0.0 0.0 0.0 
FTOF 4 2 33 0.0 0.0 0.0 
FTOF 4 2 34 0.0 0.0 0.0 
FTOF 4 2 35 0.0 0.0 0.0 
FTOF 4 2 36 0.0 0.0 0.0 
FTOF 4 2 37 0.0 0.0 0.0 
FTOF 4 2 38 0.0 0.0 0.0 
FTOF 4 2 39 0.0 0.0 0.0 
FTOF 4 2 40 0.0 0.0 0.0 
FTOF 4 2 41 0.0 0.0 0.0 
FTOF 4 2 42 0.0 0.0 0.0 
FTOF 4 2 43 0.0 0.0 0.0 
FTOF 4 2 44 0.0 0.0 0.0 
FTOF 4 2 45 0.0 0.0 0.0 
FTOF 4 2 46 0.0 0.0 0.0 
FTOF 4 2 47 0.0 0.0 0.0 
FTOF 4 2 48 0.0 0.0 0.0 
FTOF 4 2 49 0.0 0.0 0.0 
FTOF 4 2 50 0.0 0.0 0.0 
FTOF 4 2 51 0.0 0.0 0.0 
FTOF 4 2 52 0.0 0.0 0.0 
FTOF 4 2 53 0.0 0.0 0.0 
FTOF 4 2 54 0.0 0.0 0.0 
FTOF 4 2 55 0.0 0.0 0.0 
FTOF 4 2 56 0.0 0.0 0.0 
FTOF 4 2 57 0.0 0.0 0.0 
FTOF 4 2 58 0.0 0.0 0.0 
FTOF 4 2 59 0.0 0.0 0.0 
FTOF 4 2 60 0.0 0.0 0.0 
FTOF 4 2 61 0.0 0.0 0.0 
FTOF 4 2 62 0.0 0.0 0.0 
FTOF 4 3 1 0.0 0.0 0.0 
FTOF 4 3 2 0.0 0.0 0.0 
FTOF 4 3 3 0.0 0.0 0.0 
FTOF 4 3 4 0.0 0.0 0.0 
FTOF 4 3 5 0.0 0.0 0.0 
FTOF 5 1 1 0.0 0.0 0.0 
FTOF 5 1 2 0.0 0.0 0.0 
FTOF 5 1 3 0.0 0.0 0.0 
FTOF 5 1 4 0.0 0.0 0.0 
FTOF 5 1 5 0.0 0.0 0.0 
FTOF 5 1 6 0.0 0.0 0.0 
FTOF 5 1 7 0.0 0.0 0.0 
FTOF 5 1 8 0.0 0.0 0.0 
FTOF 5 1 9 0.0 0.0 0.0 
FTOF 5 1 10 0.0 0.0 0.0 
FTOF 5 1 11 0.0 0.0 0.0 
FTOF 5 1 12 0.0 0.0 0.0 
FTOF 5 1 13 0.0 0.0 0.0 
FTOF 5 1 14 0.0 0.0 0.0 
FTOF 5 1 15 0.0 0.0 0.0 
FTOF 5 1 16 0.0 0.0 0.0 
FTOF 5 1 17 0.0 0.0 0.0 
FTOF 5 1 18 0.0 0.0 0.0 
FTOF 5 1 19 0.0 0.0 0.0 
FTOF 5 1 20 0.0 0.0 0.0 
FTOF 5 1 21 0.0 0.0 0.0 
FTOF 5 1 22 0.0 0.0 0.0 
FTOF 5 1 23 0.0 0.0 0.0 
FTOF 5 2 1 0.0 0.0 0.0 
FTOF 5 2 2 0.0 0.0 0.0 
FTOF 5 2 3 0.0 0.0 0.0 
FTOF 5 2 4 0.0 0.0 0.0 
FTOF 5 2 5 0.0 0.0 0.0 
FTOF 5 2 6 0.0 0.0 0.0 
FTOF 5 2 7 0.0 0.0 0.0 
FTOF 5 2 8 0.0 0.0 0.0 
FTOF 5 2 9 0.0 0.0 0.0 
FTOF 5 2 10 0.0 0.0 0.0 
FTOF 5 2 11 0.0 0.0 0.0 
FTOF 5 2 12 0.0 0.0 0.0 
FTOF 5 2 13 0.0 0.0 0.0 
FTOF 5 2 14 0.0 0.0 0.0 
FTOF 5 2 15 0.0 0.0 0.0 
FTOF 5 2 16 0.0 0.0 0.0 
FTOF 5 2 17 0.0 0.0 0.0 
FTOF 5 2 18 0.0 0.0 0.0 
FTOF 5 2 19 0.0 0.0 0.0 
FTOF 5 2 20 0.0 0.0 0.0 
FTOF 5 2 21 0.0 0.0 0.0 
FTOF 5 2 22 0.0 0.0 0.0 
FTOF 5 2 23 0.0 0.0 0.0 
FTOF 5 2 24 0.0 0.0 0.0 
FTOF 5 2 25 0.0 0.0 0.0 
FTOF 5 2 26 0.0 0.0 0.0 
FTOF 5 2 27 0.0 0.0 0.0 
FTOF 5 2 28 0.0 0.0 0.0 
FTOF 5 2 29 0.0 0.0 0.0 
FTOF 5 2 30 0.0 0.0 0.0 
FTOF 5 2 31 0.0 0.0 0.0 
FTOF 5 2 32 0.0 0.0 0.0 
FTOF 5 2 33 0.0 0.0 0.0 
FTOF 5 2 34 0.0 0.0 0.0 
FTOF 5 2 35 0.0 0.0 0.0 
FTOF 5 2 36 0.0 0.0 0.0 
FTOF 5 2 37 0.0 0.0 0.0 
FTOF 5 2 38 0.0 0.0 0.0 
FTOF 5 2 39 0.0 0.0 0.0 
FTOF 5 2 40 0.0 0.0 0.0 
FTOF 5 2 41 0.0 0.0 0.0 
FTOF 5 2 42 0.0 0.0 0.0 
FTOF 5 2 43 0.0 0.0 0.0 
FTOF 5 2 44 0.0 0.0 0.0 
FTOF 5 2 45 0.0 0.0 0.0 
FTOF 5 2 46 0.0 0.0 0.0 
FTOF 5 2 47 0.0 0.0 0.0 
FTOF 5 2 48 0.0 0.0 0.0 
FTOF 5 2 49 0.0 0.0 0.0 
FTOF 5 2 50 0.0 0.0 0.0 
FTOF 5 2 51 0.0 0.0 0.0 
FTOF 5 2 52 0.0 0.0 0.0 
FTOF 5 2 53 0.0 0.0 0.0 
FTOF 5 2 54 0.0 0.0 0.0 
FTOF 5 2 55 0.0 0.0 0.0 
FTOF 5 2 56 0.0 0.0 0.0 
FTOF 5 2 57 0.0 0.0 0.0 
FTOF 5 2 58 0.0 0.0 0.0 
FTOF 5 2 59 0.0 0.0 0.0 
FTOF 5 2 60 0.0 0.0 0.0 
FTOF 5 2 61 0.0 0.0 0.0 
FTOF 5 2 62 0.0 0.0 0.0 
FTOF 5 3 1 0.0 0.0 0.0 
FTOF 5 3 2 0.0 0.0 0.0 
FTOF 5 3 3 0.0 0.0 0.0 
FTOF 5 3 4 0.0 0.0 0.0 
FTOF 5 3 5 0.0 0.0 0.0 
FTOF 6 1 1 0.0 0.0 0.0 
FTOF 6 1 2 0.0 0.0 0.0 
FTOF 6 1 3 0.0 0.0 0.0 
FTOF 6 1 4 0.0 0.0 0.0 
FTOF 6 1 5 0.0 0.0 0.0 
FTOF 6 1 6 0.0 0.0 0.0 
FTOF 6 1 7 0.0 0.0 0.0 
FTOF 6 1 8 0.0 0.0 0.0 
FTOF 6 1 9 0.0 0.0 0.0 
FTOF 6 1 10 0.0 0.0 0.0 
FTOF 6 1 11 0.0 0.0 0.0 
FTOF 6 1 12 0.0 0.0 0.0 
FTOF 6 1 13 0.0 0.0 0.0 
FTOF 6 1 14 0.0 0.0 0.0 
FTOF 6 1 15 0.0 0.0 0.0 
FTOF 6 1 16 0.0 0.0 0.0 
FTOF 6 1 17 0.0 0.0 0.0 
FTOF 6 1 18 0.0 0.0 0.0 
FTOF 6 1 19 0.0 0.0 0.0 
FTOF 6 1 20 0.0 0.0 0.0 
FTOF 6 1 21 0.0 0.0 0.0 
FTOF 6 1 22 0.0 0.0 0.0 
FTOF 6 1 23 0.0 0.0 0.0 
FTOF 6 2 1 0.0 0.0 0.0 
FTOF 6 2 2 0.0 0.0 0.0 
FTOF 6 2 3 0.0 0.0 0.0 
FTOF 6 2 4 0.0 0.0 0.0 
FTOF 6 2 5 0.0 0.0 0.0 
FTOF 6 2 6 0.0 0.0 0.0 
FTOF 6 2 7 0.0 0.0 0.0 
FTOF 6 2 8 0.0 0.0 0.0 
FTOF 6 2 9 0.0 0.0 0.0 
FTOF 6 2 10 0.0 0.0 0.0 
FTOF 6 2 11 0.0 0.0 0.0 
FTOF 6 2 12 0.0 0.0 0.0 
FTOF 6 2 13 0.0 0.0 0.0 
FTOF 6 2 14 0.0 0.0 0.0 
FTOF 6 2 15 0.0 0.0 0.0 
FTOF 6 2 16 0.0 0.0 0.0 
FTOF 6 2 17 0.0 0.0 0.0 
FTOF 6 2 18 0.0 0.0 0.0 
FTOF 6 2 19 0.0 0.0 0.0 
FTOF 6 2 20 0.0 0.0 0.0 
FTOF 6 2 21 0.0 0.0 0.0 
FTOF 6 2 22 0.0 0.0 0.0 
FTOF 6 2 23 0.0 0.0 0.0 
FTOF 6 2 24 0.0 0.0 0.0 
FTOF 6 2 25 0.0 0.0 0.0 
FTOF 6 2 26 0.0 0.0 0.0 
FTOF 6 2 27 0.0 0.0 0.0 
FTOF 6 2 28 0.0 0.0 0.0 
FTOF 6 2 29 0.0 0.0 0.0 
FTOF 6 2 30 0.0 0.0 0.0 
FTOF 6 2 31 0.0 0.0 0.0 
FTOF 6 2 32 0.0 0.0 0.0 
FTOF 6 2 33 0.0 0.0 0.0 
FTOF 6 2 34 0.0 0.0 0.0 
FTOF 6 2 35 0.0 0.0 0.0 
FTOF 6 2 36 0.0 0.0 0.0 
FTOF 6 2 37 0.0 0.0 0.0 
FTOF 6 2 38 0.0 0.0 0.0 
FTOF 6 2 39 0.0 0.0 0.0 
FTOF 6 2 40 0.0 0.0 0.0 
FTOF 6 2 41 0.0 0.0 0.0 
FTOF 6 2 42 0.0 0.0 0.0 
FTOF 6 2 43 0.0 0.0 0.0 
FTOF 6 2 44 0.0 0.0 0.0 
FTOF 6 2 45 0.0 0.0 0.0 
FTOF 6 2 46 0.0 0.0 0.0 
FTOF 6 2 47 0.0 0.0 0.0 
FTOF 6 2 48 0.0 0.0 0.0 
FTOF 6 2 49 0.0 0.0 0.0 
FTOF 6 2 50 0.0 0.0 0.0 
FTOF 6 2 51 0.0 0.0 0.0 
FTOF 6 2 52 0.0 0.0 0.0 
FTOF 6 2 53 0.0 0.0 0.0 
FTOF 6 2 54 0.0 0.0 0.0 
FTOF 6 2 55 0.0 0.0 0.0 
FTOF 6 2 56 0.0 0.0 0.0 
FTOF 6 2 57 0.0 0.0 0.0 
FTOF 6 2 58 0.0 0.0 0.0 
FTOF 6 2 59 0.0 0.0 0.0 
FTOF 6 2 60 0.0 0.0 0.0 
FTOF 6 2 61 0.0 0.0 0.0 
FTOF 6 2 62 0.0 0.0 0.0 
FTOF 6 3 1 0.0 0.0 0.0 
FTOF 6 3 2 0.0 0.0 0.0 
FTOF 6 3 3 0.0 0.0 0.0 
FTOF 6 3 4 0.0 0.0 0.0 
FTOF 6 3 5 0.0 0.0 0.0 
