FTOF 1 1 1 10.0 15.3 0.0 0.0 
FTOF 1 1 2 10.0 15.3 0.0 0.0 
FTOF 1 1 3 10.0 15.3 0.0 0.0 
FTOF 1 1 4 10.0 15.3 0.0 0.0 
FTOF 1 1 5 10.0 15.3 0.0 0.0 
FTOF 1 1 6 10.0 15.3 0.0 0.0 
FTOF 1 1 7 10.0 15.3 0.0 0.0 
FTOF 1 1 8 10.0 15.3 0.0 0.0 
FTOF 1 1 9 10.0 15.3 0.0 0.0 
FTOF 1 1 10 10.0 15.3 0.0 0.0 
FTOF 1 1 11 10.0 15.3 0.0 0.0 
FTOF 1 1 12 10.0 15.3 0.0 0.0 
FTOF 1 1 13 10.0 15.3 0.0 0.0 
FTOF 1 1 14 10.0 15.3 0.0 0.0 
FTOF 1 1 15 10.0 15.3 0.0 0.0 
FTOF 1 1 16 10.0 15.3 0.0 0.0 
FTOF 1 1 17 10.0 15.3 0.0 0.0 
FTOF 1 1 18 10.0 15.3 0.0 0.0 
FTOF 1 1 19 10.0 15.3 0.0 0.0 
FTOF 1 1 20 10.0 15.3 0.0 0.0 
FTOF 1 1 21 10.0 15.3 0.0 0.0 
FTOF 1 1 22 10.0 15.3 0.0 0.0 
FTOF 1 1 23 10.0 15.3 0.0 0.0 
FTOF 1 2 1 19.3 1.1 0.0 0.0 
FTOF 1 2 2 19.3 1.1 0.0 0.0 
FTOF 1 2 3 19.3 1.1 0.0 0.0 
FTOF 1 2 4 19.3 1.1 0.0 0.0 
FTOF 1 2 5 19.3 1.1 0.0 0.0 
FTOF 1 2 6 19.3 1.1 0.0 0.0 
FTOF 1 2 7 19.3 1.1 0.0 0.0 
FTOF 1 2 8 19.3 1.1 0.0 0.0 
FTOF 1 2 9 19.3 1.1 0.0 0.0 
FTOF 1 2 10 19.3 1.1 0.0 0.0 
FTOF 1 2 11 19.3 1.1 0.0 0.0 
FTOF 1 2 12 19.3 1.1 0.0 0.0 
FTOF 1 2 13 19.3 1.1 0.0 0.0 
FTOF 1 2 14 19.3 1.1 0.0 0.0 
FTOF 1 2 15 19.3 1.1 0.0 0.0 
FTOF 1 2 16 19.3 1.1 0.0 0.0 
FTOF 1 2 17 19.3 1.1 0.0 0.0 
FTOF 1 2 18 19.3 1.1 0.0 0.0 
FTOF 1 2 19 19.3 1.1 0.0 0.0 
FTOF 1 2 20 19.3 1.1 0.0 0.0 
FTOF 1 2 21 19.3 1.1 0.0 0.0 
FTOF 1 2 22 19.3 1.1 0.0 0.0 
FTOF 1 2 23 19.3 1.1 0.0 0.0 
FTOF 1 2 24 19.3 1.1 0.0 0.0 
FTOF 1 2 25 19.3 1.1 0.0 0.0 
FTOF 1 2 26 19.3 1.1 0.0 0.0 
FTOF 1 2 27 19.3 1.1 0.0 0.0 
FTOF 1 2 28 19.3 1.1 0.0 0.0 
FTOF 1 2 29 19.3 1.1 0.0 0.0 
FTOF 1 2 30 19.3 1.1 0.0 0.0 
FTOF 1 2 31 19.3 1.1 0.0 0.0 
FTOF 1 2 32 19.3 1.1 0.0 0.0 
FTOF 1 2 33 19.3 1.1 0.0 0.0 
FTOF 1 2 34 19.3 1.1 0.0 0.0 
FTOF 1 2 35 19.3 1.1 0.0 0.0 
FTOF 1 2 36 19.3 1.1 0.0 0.0 
FTOF 1 2 37 19.3 1.1 0.0 0.0 
FTOF 1 2 38 19.3 1.1 0.0 0.0 
FTOF 1 2 39 19.3 1.1 0.0 0.0 
FTOF 1 2 40 19.3 1.1 0.0 0.0 
FTOF 1 2 41 19.3 1.1 0.0 0.0 
FTOF 1 2 42 19.3 1.1 0.0 0.0 
FTOF 1 2 43 19.3 1.1 0.0 0.0 
FTOF 1 2 44 19.3 1.1 0.0 0.0 
FTOF 1 2 45 19.3 1.1 0.0 0.0 
FTOF 1 2 46 19.3 1.1 0.0 0.0 
FTOF 1 2 47 19.3 1.1 0.0 0.0 
FTOF 1 2 48 19.3 1.1 0.0 0.0 
FTOF 1 2 49 19.3 1.1 0.0 0.0 
FTOF 1 2 50 19.3 1.1 0.0 0.0 
FTOF 1 2 51 19.3 1.1 0.0 0.0 
FTOF 1 2 52 19.3 1.1 0.0 0.0 
FTOF 1 2 53 19.3 1.1 0.0 0.0 
FTOF 1 2 54 19.3 1.1 0.0 0.0 
FTOF 1 2 55 19.3 1.1 0.0 0.0 
FTOF 1 2 56 19.3 1.1 0.0 0.0 
FTOF 1 2 57 19.3 1.1 0.0 0.0 
FTOF 1 2 58 19.3 1.1 0.0 0.0 
FTOF 1 2 59 19.3 1.1 0.0 0.0 
FTOF 1 2 60 19.3 1.1 0.0 0.0 
FTOF 1 2 61 19.3 1.1 0.0 0.0 
FTOF 1 2 62 19.3 1.1 0.0 0.0 
FTOF 1 3 1 10.0 11.9 0.0 0.0 
FTOF 1 3 2 10.0 11.9 0.0 0.0 
FTOF 1 3 3 10.0 11.9 0.0 0.0 
FTOF 1 3 4 10.0 11.9 0.0 0.0 
FTOF 1 3 5 10.0 11.9 0.0 0.0 
FTOF 2 1 1 785.0 9.9 0.05 0.006 
FTOF 2 1 2 736.4 0.5 -0.016 0.006 
FTOF 2 1 3 727.3 0.3 -0.002 0.009 
FTOF 2 1 4 784.7 0.3 0.029 0.006 
FTOF 2 1 5 739.2 0.2 0.022 0.008 
FTOF 2 1 6 565.1 0.2 0.622 0.009 
FTOF 2 1 7 780.6 0.2 0.001 0.006 
FTOF 2 1 8 785.6 0.2 0.042 0.006 
FTOF 2 1 9 775.8 0.3 -0.082 0.006 
FTOF 2 1 10 772.1 0.2 -0.079 0.006 
FTOF 2 1 11 782.8 0.2 -0.032 0.005 
FTOF 2 1 12 771.2 0.2 -0.003 0.009 
FTOF 2 1 13 792.3 0.1 0.016 0.006 
FTOF 2 1 14 785.8 0.1 -0.127 0.005 
FTOF 2 1 15 802.4 0.1 -0.074 0.006 
FTOF 2 1 16 773.1 0.1 0.023 0.005 
FTOF 2 1 17 759.7 0.1 -0.014 0.005 
FTOF 2 1 18 780.2 0.1 -0.047 0.004 
FTOF 2 1 19 784.8 0.2 -0.137 0.004 
FTOF 2 1 20 800.0 0.1 0.013 0.005 
FTOF 2 1 21 774.5 0.0 0.14 0.005 
FTOF 2 1 22 767.8 0.1 0.042 0.006 
FTOF 2 1 23 698.6 0.3 0.069 0.01 
FTOF 2 2 1 1936.8 4.3 -0.006 0.006 
FTOF 2 2 2 1930.7 2.9 0.119 0.005 
FTOF 2 2 3 1980.2 2.8 -0.01 0.004 
FTOF 2 2 4 1977.6 2.3 -0.045 0.007 
FTOF 2 2 5 1999.6 1.8 0.017 0.005 
FTOF 2 2 6 2013.6 1.3 -0.036 0.005 
FTOF 2 2 7 1976.5 1.3 -0.065 0.005 
FTOF 2 2 8 2008.6 0.9 -0.052 0.006 
FTOF 2 2 9 1939.9 0.8 -0.017 0.005 
FTOF 2 2 10 1935.3 0.8 0.0 0.004 
FTOF 2 2 11 1988.8 0.8 0.013 0.004 
FTOF 2 2 12 1948.5 0.7 0.026 0.004 
FTOF 2 2 13 1928.6 0.6 0.014 0.005 
FTOF 2 2 14 2105.5 0.7 0.036 0.006 
FTOF 2 2 15 1988.1 0.6 -0.042 0.006 
FTOF 2 2 16 1964.4 0.6 -0.047 0.005 
FTOF 2 2 17 1956.7 0.6 0.033 0.005 
FTOF 2 2 18 1970.5 0.5 0.021 0.007 
FTOF 2 2 19 1944.5 0.5 -0.012 0.007 
FTOF 2 2 20 1990.3 0.5 0.066 0.005 
FTOF 2 2 21 1947.3 0.4 -0.04 0.007 
FTOF 2 2 22 1889.8 0.4 0.006 0.005 
FTOF 2 2 23 1960.7 0.5 -0.019 0.006 
FTOF 2 2 24 1979.1 0.4 -0.071 0.007 
FTOF 2 2 25 1910.6 0.4 -0.05 0.005 
FTOF 2 2 26 1944.6 0.5 -0.027 0.005 
FTOF 2 2 27 1964.1 0.4 -0.045 0.004 
FTOF 2 2 28 1969.8 0.4 -0.023 0.005 
FTOF 2 2 29 1961.7 0.4 -0.051 0.005 
FTOF 2 2 30 1975.4 0.4 -0.018 0.005 
FTOF 2 2 31 1916.5 0.5 -0.054 0.007 
FTOF 2 2 32 1944.0 0.4 -0.036 0.003 
FTOF 2 2 33 1955.8 0.4 0.001 0.004 
FTOF 2 2 34 1949.8 0.4 -0.014 0.003 
FTOF 2 2 35 1896.2 0.3 -0.001 0.003 
FTOF 2 2 36 1924.7 0.3 -0.022 0.004 
FTOF 2 2 37 1960.9 0.3 0.004 0.004 
FTOF 2 2 38 1939.6 0.3 -0.015 0.003 
FTOF 2 2 39 1983.5 0.3 -0.109 0.004 
FTOF 2 2 40 1983.8 0.3 -0.043 0.004 
FTOF 2 2 41 1904.6 0.3 -0.056 0.003 
FTOF 2 2 42 2008.1 0.3 -0.002 0.004 
FTOF 2 2 43 1886.3 0.3 -0.048 0.004 
FTOF 2 2 44 1917.1 0.3 0.014 0.003 
FTOF 2 2 45 1967.7 0.3 -0.003 0.004 
FTOF 2 2 46 1901.5 0.3 -0.005 0.003 
FTOF 2 2 47 1924.2 0.3 -0.003 0.003 
FTOF 2 2 48 1971.4 0.3 -0.069 0.003 
FTOF 2 2 49 1967.8 0.3 0.028 0.003 
FTOF 2 2 50 1982.3 0.3 -0.001 0.003 
FTOF 2 2 51 1934.8 0.3 0.009 0.003 
FTOF 2 2 52 1950.0 0.3 -0.027 0.003 
FTOF 2 2 53 1950.5 0.3 0.04 0.003 
FTOF 2 2 54 1931.7 0.3 0.018 0.004 
FTOF 2 2 55 1948.4 0.4 0.068 0.005 
FTOF 2 2 56 1928.0 0.3 0.018 0.004 
FTOF 2 2 57 1911.5 0.4 0.013 0.005 
FTOF 2 2 58 1902.1 0.5 -0.056 0.008 
FTOF 2 2 59 1891.2 0.6 -0.02 0.007 
FTOF 2 2 60 1838.9 0.6 0.002 0.007 
FTOF 2 2 61 1791.6 0.6 0.052 0.007 
FTOF 2 2 62 1862.3 0.6 0.007 0.006 
FTOF 2 3 1 10.0 11.9 0.0 0.0 
FTOF 2 3 2 10.0 11.9 0.0 0.0 
FTOF 2 3 3 10.0 11.9 0.0 0.0 
FTOF 2 3 4 10.0 11.9 0.0 0.0 
FTOF 2 3 5 10.0 11.9 0.0 0.0 
FTOF 3 1 1 10.0 15.3 0.0 0.0 
FTOF 3 1 2 10.0 15.3 0.0 0.0 
FTOF 3 1 3 10.0 15.3 0.0 0.0 
FTOF 3 1 4 10.0 15.3 0.0 0.0 
FTOF 3 1 5 10.0 15.3 0.0 0.0 
FTOF 3 1 6 10.0 15.3 0.0 0.0 
FTOF 3 1 7 10.0 15.3 0.0 0.0 
FTOF 3 1 8 10.0 15.3 0.0 0.0 
FTOF 3 1 9 10.0 15.3 0.0 0.0 
FTOF 3 1 10 10.0 15.3 0.0 0.0 
FTOF 3 1 11 10.0 15.3 0.0 0.0 
FTOF 3 1 12 10.0 15.3 0.0 0.0 
FTOF 3 1 13 10.0 15.3 0.0 0.0 
FTOF 3 1 14 10.0 15.3 0.0 0.0 
FTOF 3 1 15 10.0 15.3 0.0 0.0 
FTOF 3 1 16 10.0 15.3 0.0 0.0 
FTOF 3 1 17 10.0 15.3 0.0 0.0 
FTOF 3 1 18 10.0 15.3 0.0 0.0 
FTOF 3 1 19 10.0 15.3 0.0 0.0 
FTOF 3 1 20 10.0 15.3 0.0 0.0 
FTOF 3 1 21 10.0 15.3 0.0 0.0 
FTOF 3 1 22 10.0 15.3 0.0 0.0 
FTOF 3 1 23 10.0 15.3 0.0 0.0 
FTOF 3 2 1 19.3 1.1 0.0 0.0 
FTOF 3 2 2 19.3 1.1 0.0 0.0 
FTOF 3 2 3 19.3 1.1 0.0 0.0 
FTOF 3 2 4 19.3 1.1 0.0 0.0 
FTOF 3 2 5 19.3 1.1 0.0 0.0 
FTOF 3 2 6 19.3 1.1 0.0 0.0 
FTOF 3 2 7 19.3 1.1 0.0 0.0 
FTOF 3 2 8 19.3 1.1 0.0 0.0 
FTOF 3 2 9 19.3 1.1 0.0 0.0 
FTOF 3 2 10 19.3 1.1 0.0 0.0 
FTOF 3 2 11 19.3 1.1 0.0 0.0 
FTOF 3 2 12 19.3 1.1 0.0 0.0 
FTOF 3 2 13 19.3 1.1 0.0 0.0 
FTOF 3 2 14 19.3 1.1 0.0 0.0 
FTOF 3 2 15 19.3 1.1 0.0 0.0 
FTOF 3 2 16 19.3 1.1 0.0 0.0 
FTOF 3 2 17 19.3 1.1 0.0 0.0 
FTOF 3 2 18 19.3 1.1 0.0 0.0 
FTOF 3 2 19 19.3 1.1 0.0 0.0 
FTOF 3 2 20 19.3 1.1 0.0 0.0 
FTOF 3 2 21 19.3 1.1 0.0 0.0 
FTOF 3 2 22 19.3 1.1 0.0 0.0 
FTOF 3 2 23 19.3 1.1 0.0 0.0 
FTOF 3 2 24 19.3 1.1 0.0 0.0 
FTOF 3 2 25 19.3 1.1 0.0 0.0 
FTOF 3 2 26 19.3 1.1 0.0 0.0 
FTOF 3 2 27 19.3 1.1 0.0 0.0 
FTOF 3 2 28 19.3 1.1 0.0 0.0 
FTOF 3 2 29 19.3 1.1 0.0 0.0 
FTOF 3 2 30 19.3 1.1 0.0 0.0 
FTOF 3 2 31 19.3 1.1 0.0 0.0 
FTOF 3 2 32 19.3 1.1 0.0 0.0 
FTOF 3 2 33 19.3 1.1 0.0 0.0 
FTOF 3 2 34 19.3 1.1 0.0 0.0 
FTOF 3 2 35 19.3 1.1 0.0 0.0 
FTOF 3 2 36 19.3 1.1 0.0 0.0 
FTOF 3 2 37 19.3 1.1 0.0 0.0 
FTOF 3 2 38 19.3 1.1 0.0 0.0 
FTOF 3 2 39 19.3 1.1 0.0 0.0 
FTOF 3 2 40 19.3 1.1 0.0 0.0 
FTOF 3 2 41 19.3 1.1 0.0 0.0 
FTOF 3 2 42 19.3 1.1 0.0 0.0 
FTOF 3 2 43 19.3 1.1 0.0 0.0 
FTOF 3 2 44 19.3 1.1 0.0 0.0 
FTOF 3 2 45 19.3 1.1 0.0 0.0 
FTOF 3 2 46 19.3 1.1 0.0 0.0 
FTOF 3 2 47 19.3 1.1 0.0 0.0 
FTOF 3 2 48 19.3 1.1 0.0 0.0 
FTOF 3 2 49 19.3 1.1 0.0 0.0 
FTOF 3 2 50 19.3 1.1 0.0 0.0 
FTOF 3 2 51 19.3 1.1 0.0 0.0 
FTOF 3 2 52 19.3 1.1 0.0 0.0 
FTOF 3 2 53 19.3 1.1 0.0 0.0 
FTOF 3 2 54 19.3 1.1 0.0 0.0 
FTOF 3 2 55 19.3 1.1 0.0 0.0 
FTOF 3 2 56 19.3 1.1 0.0 0.0 
FTOF 3 2 57 19.3 1.1 0.0 0.0 
FTOF 3 2 58 19.3 1.1 0.0 0.0 
FTOF 3 2 59 19.3 1.1 0.0 0.0 
FTOF 3 2 60 19.3 1.1 0.0 0.0 
FTOF 3 2 61 19.3 1.1 0.0 0.0 
FTOF 3 2 62 19.3 1.1 0.0 0.0 
FTOF 3 3 1 10.0 11.9 0.0 0.0 
FTOF 3 3 2 10.0 11.9 0.0 0.0 
FTOF 3 3 3 10.0 11.9 0.0 0.0 
FTOF 3 3 4 10.0 11.9 0.0 0.0 
FTOF 3 3 5 10.0 11.9 0.0 0.0 
FTOF 4 1 1 10.0 15.3 0.0 0.0 
FTOF 4 1 2 10.0 15.3 0.0 0.0 
FTOF 4 1 3 10.0 15.3 0.0 0.0 
FTOF 4 1 4 10.0 15.3 0.0 0.0 
FTOF 4 1 5 10.0 15.3 0.0 0.0 
FTOF 4 1 6 10.0 15.3 0.0 0.0 
FTOF 4 1 7 10.0 15.3 0.0 0.0 
FTOF 4 1 8 10.0 15.3 0.0 0.0 
FTOF 4 1 9 10.0 15.3 0.0 0.0 
FTOF 4 1 10 10.0 15.3 0.0 0.0 
FTOF 4 1 11 10.0 15.3 0.0 0.0 
FTOF 4 1 12 10.0 15.3 0.0 0.0 
FTOF 4 1 13 10.0 15.3 0.0 0.0 
FTOF 4 1 14 10.0 15.3 0.0 0.0 
FTOF 4 1 15 10.0 15.3 0.0 0.0 
FTOF 4 1 16 10.0 15.3 0.0 0.0 
FTOF 4 1 17 10.0 15.3 0.0 0.0 
FTOF 4 1 18 10.0 15.3 0.0 0.0 
FTOF 4 1 19 10.0 15.3 0.0 0.0 
FTOF 4 1 20 10.0 15.3 0.0 0.0 
FTOF 4 1 21 10.0 15.3 0.0 0.0 
FTOF 4 1 22 10.0 15.3 0.0 0.0 
FTOF 4 1 23 10.0 15.3 0.0 0.0 
FTOF 4 2 1 19.3 1.1 0.0 0.0 
FTOF 4 2 2 19.3 1.1 0.0 0.0 
FTOF 4 2 3 19.3 1.1 0.0 0.0 
FTOF 4 2 4 19.3 1.1 0.0 0.0 
FTOF 4 2 5 19.3 1.1 0.0 0.0 
FTOF 4 2 6 19.3 1.1 0.0 0.0 
FTOF 4 2 7 19.3 1.1 0.0 0.0 
FTOF 4 2 8 19.3 1.1 0.0 0.0 
FTOF 4 2 9 19.3 1.1 0.0 0.0 
FTOF 4 2 10 19.3 1.1 0.0 0.0 
FTOF 4 2 11 19.3 1.1 0.0 0.0 
FTOF 4 2 12 19.3 1.1 0.0 0.0 
FTOF 4 2 13 19.3 1.1 0.0 0.0 
FTOF 4 2 14 19.3 1.1 0.0 0.0 
FTOF 4 2 15 19.3 1.1 0.0 0.0 
FTOF 4 2 16 19.3 1.1 0.0 0.0 
FTOF 4 2 17 19.3 1.1 0.0 0.0 
FTOF 4 2 18 19.3 1.1 0.0 0.0 
FTOF 4 2 19 19.3 1.1 0.0 0.0 
FTOF 4 2 20 19.3 1.1 0.0 0.0 
FTOF 4 2 21 19.3 1.1 0.0 0.0 
FTOF 4 2 22 19.3 1.1 0.0 0.0 
FTOF 4 2 23 19.3 1.1 0.0 0.0 
FTOF 4 2 24 19.3 1.1 0.0 0.0 
FTOF 4 2 25 19.3 1.1 0.0 0.0 
FTOF 4 2 26 19.3 1.1 0.0 0.0 
FTOF 4 2 27 19.3 1.1 0.0 0.0 
FTOF 4 2 28 19.3 1.1 0.0 0.0 
FTOF 4 2 29 19.3 1.1 0.0 0.0 
FTOF 4 2 30 19.3 1.1 0.0 0.0 
FTOF 4 2 31 19.3 1.1 0.0 0.0 
FTOF 4 2 32 19.3 1.1 0.0 0.0 
FTOF 4 2 33 19.3 1.1 0.0 0.0 
FTOF 4 2 34 19.3 1.1 0.0 0.0 
FTOF 4 2 35 19.3 1.1 0.0 0.0 
FTOF 4 2 36 19.3 1.1 0.0 0.0 
FTOF 4 2 37 19.3 1.1 0.0 0.0 
FTOF 4 2 38 19.3 1.1 0.0 0.0 
FTOF 4 2 39 19.3 1.1 0.0 0.0 
FTOF 4 2 40 19.3 1.1 0.0 0.0 
FTOF 4 2 41 19.3 1.1 0.0 0.0 
FTOF 4 2 42 19.3 1.1 0.0 0.0 
FTOF 4 2 43 19.3 1.1 0.0 0.0 
FTOF 4 2 44 19.3 1.1 0.0 0.0 
FTOF 4 2 45 19.3 1.1 0.0 0.0 
FTOF 4 2 46 19.3 1.1 0.0 0.0 
FTOF 4 2 47 19.3 1.1 0.0 0.0 
FTOF 4 2 48 19.3 1.1 0.0 0.0 
FTOF 4 2 49 19.3 1.1 0.0 0.0 
FTOF 4 2 50 19.3 1.1 0.0 0.0 
FTOF 4 2 51 19.3 1.1 0.0 0.0 
FTOF 4 2 52 19.3 1.1 0.0 0.0 
FTOF 4 2 53 19.3 1.1 0.0 0.0 
FTOF 4 2 54 19.3 1.1 0.0 0.0 
FTOF 4 2 55 19.3 1.1 0.0 0.0 
FTOF 4 2 56 19.3 1.1 0.0 0.0 
FTOF 4 2 57 19.3 1.1 0.0 0.0 
FTOF 4 2 58 19.3 1.1 0.0 0.0 
FTOF 4 2 59 19.3 1.1 0.0 0.0 
FTOF 4 2 60 19.3 1.1 0.0 0.0 
FTOF 4 2 61 19.3 1.1 0.0 0.0 
FTOF 4 2 62 19.3 1.1 0.0 0.0 
FTOF 4 3 1 10.0 11.9 0.0 0.0 
FTOF 4 3 2 10.0 11.9 0.0 0.0 
FTOF 4 3 3 10.0 11.9 0.0 0.0 
FTOF 4 3 4 10.0 11.9 0.0 0.0 
FTOF 4 3 5 10.0 11.9 0.0 0.0 
FTOF 5 1 1 10.0 15.3 0.0 0.0 
FTOF 5 1 2 10.0 15.3 0.0 0.0 
FTOF 5 1 3 10.0 15.3 0.0 0.0 
FTOF 5 1 4 10.0 15.3 0.0 0.0 
FTOF 5 1 5 10.0 15.3 0.0 0.0 
FTOF 5 1 6 10.0 15.3 0.0 0.0 
FTOF 5 1 7 10.0 15.3 0.0 0.0 
FTOF 5 1 8 10.0 15.3 0.0 0.0 
FTOF 5 1 9 10.0 15.3 0.0 0.0 
FTOF 5 1 10 10.0 15.3 0.0 0.0 
FTOF 5 1 11 10.0 15.3 0.0 0.0 
FTOF 5 1 12 10.0 15.3 0.0 0.0 
FTOF 5 1 13 10.0 15.3 0.0 0.0 
FTOF 5 1 14 10.0 15.3 0.0 0.0 
FTOF 5 1 15 10.0 15.3 0.0 0.0 
FTOF 5 1 16 10.0 15.3 0.0 0.0 
FTOF 5 1 17 10.0 15.3 0.0 0.0 
FTOF 5 1 18 10.0 15.3 0.0 0.0 
FTOF 5 1 19 10.0 15.3 0.0 0.0 
FTOF 5 1 20 10.0 15.3 0.0 0.0 
FTOF 5 1 21 10.0 15.3 0.0 0.0 
FTOF 5 1 22 10.0 15.3 0.0 0.0 
FTOF 5 1 23 10.0 15.3 0.0 0.0 
FTOF 5 2 1 19.3 1.1 0.0 0.0 
FTOF 5 2 2 19.3 1.1 0.0 0.0 
FTOF 5 2 3 19.3 1.1 0.0 0.0 
FTOF 5 2 4 19.3 1.1 0.0 0.0 
FTOF 5 2 5 19.3 1.1 0.0 0.0 
FTOF 5 2 6 19.3 1.1 0.0 0.0 
FTOF 5 2 7 19.3 1.1 0.0 0.0 
FTOF 5 2 8 19.3 1.1 0.0 0.0 
FTOF 5 2 9 19.3 1.1 0.0 0.0 
FTOF 5 2 10 19.3 1.1 0.0 0.0 
FTOF 5 2 11 19.3 1.1 0.0 0.0 
FTOF 5 2 12 19.3 1.1 0.0 0.0 
FTOF 5 2 13 19.3 1.1 0.0 0.0 
FTOF 5 2 14 19.3 1.1 0.0 0.0 
FTOF 5 2 15 19.3 1.1 0.0 0.0 
FTOF 5 2 16 19.3 1.1 0.0 0.0 
FTOF 5 2 17 19.3 1.1 0.0 0.0 
FTOF 5 2 18 19.3 1.1 0.0 0.0 
FTOF 5 2 19 19.3 1.1 0.0 0.0 
FTOF 5 2 20 19.3 1.1 0.0 0.0 
FTOF 5 2 21 19.3 1.1 0.0 0.0 
FTOF 5 2 22 19.3 1.1 0.0 0.0 
FTOF 5 2 23 19.3 1.1 0.0 0.0 
FTOF 5 2 24 19.3 1.1 0.0 0.0 
FTOF 5 2 25 19.3 1.1 0.0 0.0 
FTOF 5 2 26 19.3 1.1 0.0 0.0 
FTOF 5 2 27 19.3 1.1 0.0 0.0 
FTOF 5 2 28 19.3 1.1 0.0 0.0 
FTOF 5 2 29 19.3 1.1 0.0 0.0 
FTOF 5 2 30 19.3 1.1 0.0 0.0 
FTOF 5 2 31 19.3 1.1 0.0 0.0 
FTOF 5 2 32 19.3 1.1 0.0 0.0 
FTOF 5 2 33 19.3 1.1 0.0 0.0 
FTOF 5 2 34 19.3 1.1 0.0 0.0 
FTOF 5 2 35 19.3 1.1 0.0 0.0 
FTOF 5 2 36 19.3 1.1 0.0 0.0 
FTOF 5 2 37 19.3 1.1 0.0 0.0 
FTOF 5 2 38 19.3 1.1 0.0 0.0 
FTOF 5 2 39 19.3 1.1 0.0 0.0 
FTOF 5 2 40 19.3 1.1 0.0 0.0 
FTOF 5 2 41 19.3 1.1 0.0 0.0 
FTOF 5 2 42 19.3 1.1 0.0 0.0 
FTOF 5 2 43 19.3 1.1 0.0 0.0 
FTOF 5 2 44 19.3 1.1 0.0 0.0 
FTOF 5 2 45 19.3 1.1 0.0 0.0 
FTOF 5 2 46 19.3 1.1 0.0 0.0 
FTOF 5 2 47 19.3 1.1 0.0 0.0 
FTOF 5 2 48 19.3 1.1 0.0 0.0 
FTOF 5 2 49 19.3 1.1 0.0 0.0 
FTOF 5 2 50 19.3 1.1 0.0 0.0 
FTOF 5 2 51 19.3 1.1 0.0 0.0 
FTOF 5 2 52 19.3 1.1 0.0 0.0 
FTOF 5 2 53 19.3 1.1 0.0 0.0 
FTOF 5 2 54 19.3 1.1 0.0 0.0 
FTOF 5 2 55 19.3 1.1 0.0 0.0 
FTOF 5 2 56 19.3 1.1 0.0 0.0 
FTOF 5 2 57 19.3 1.1 0.0 0.0 
FTOF 5 2 58 19.3 1.1 0.0 0.0 
FTOF 5 2 59 19.3 1.1 0.0 0.0 
FTOF 5 2 60 19.3 1.1 0.0 0.0 
FTOF 5 2 61 19.3 1.1 0.0 0.0 
FTOF 5 2 62 19.3 1.1 0.0 0.0 
FTOF 5 3 1 10.0 11.9 0.0 0.0 
FTOF 5 3 2 10.0 11.9 0.0 0.0 
FTOF 5 3 3 10.0 11.9 0.0 0.0 
FTOF 5 3 4 10.0 11.9 0.0 0.0 
FTOF 5 3 5 10.0 11.9 0.0 0.0 
FTOF 6 1 1 10.0 15.3 0.0 0.0 
FTOF 6 1 2 10.0 15.3 0.0 0.0 
FTOF 6 1 3 10.0 15.3 0.0 0.0 
FTOF 6 1 4 10.0 15.3 0.0 0.0 
FTOF 6 1 5 10.0 15.3 0.0 0.0 
FTOF 6 1 6 10.0 15.3 0.0 0.0 
FTOF 6 1 7 10.0 15.3 0.0 0.0 
FTOF 6 1 8 10.0 15.3 0.0 0.0 
FTOF 6 1 9 10.0 15.3 0.0 0.0 
FTOF 6 1 10 10.0 15.3 0.0 0.0 
FTOF 6 1 11 10.0 15.3 0.0 0.0 
FTOF 6 1 12 10.0 15.3 0.0 0.0 
FTOF 6 1 13 10.0 15.3 0.0 0.0 
FTOF 6 1 14 10.0 15.3 0.0 0.0 
FTOF 6 1 15 10.0 15.3 0.0 0.0 
FTOF 6 1 16 10.0 15.3 0.0 0.0 
FTOF 6 1 17 10.0 15.3 0.0 0.0 
FTOF 6 1 18 10.0 15.3 0.0 0.0 
FTOF 6 1 19 10.0 15.3 0.0 0.0 
FTOF 6 1 20 10.0 15.3 0.0 0.0 
FTOF 6 1 21 10.0 15.3 0.0 0.0 
FTOF 6 1 22 10.0 15.3 0.0 0.0 
FTOF 6 1 23 10.0 15.3 0.0 0.0 
FTOF 6 2 1 19.3 1.1 0.0 0.0 
FTOF 6 2 2 19.3 1.1 0.0 0.0 
FTOF 6 2 3 19.3 1.1 0.0 0.0 
FTOF 6 2 4 19.3 1.1 0.0 0.0 
FTOF 6 2 5 19.3 1.1 0.0 0.0 
FTOF 6 2 6 19.3 1.1 0.0 0.0 
FTOF 6 2 7 19.3 1.1 0.0 0.0 
FTOF 6 2 8 19.3 1.1 0.0 0.0 
FTOF 6 2 9 19.3 1.1 0.0 0.0 
FTOF 6 2 10 19.3 1.1 0.0 0.0 
FTOF 6 2 11 19.3 1.1 0.0 0.0 
FTOF 6 2 12 19.3 1.1 0.0 0.0 
FTOF 6 2 13 19.3 1.1 0.0 0.0 
FTOF 6 2 14 19.3 1.1 0.0 0.0 
FTOF 6 2 15 19.3 1.1 0.0 0.0 
FTOF 6 2 16 19.3 1.1 0.0 0.0 
FTOF 6 2 17 19.3 1.1 0.0 0.0 
FTOF 6 2 18 19.3 1.1 0.0 0.0 
FTOF 6 2 19 19.3 1.1 0.0 0.0 
FTOF 6 2 20 19.3 1.1 0.0 0.0 
FTOF 6 2 21 19.3 1.1 0.0 0.0 
FTOF 6 2 22 19.3 1.1 0.0 0.0 
FTOF 6 2 23 19.3 1.1 0.0 0.0 
FTOF 6 2 24 19.3 1.1 0.0 0.0 
FTOF 6 2 25 19.3 1.1 0.0 0.0 
FTOF 6 2 26 19.3 1.1 0.0 0.0 
FTOF 6 2 27 19.3 1.1 0.0 0.0 
FTOF 6 2 28 19.3 1.1 0.0 0.0 
FTOF 6 2 29 19.3 1.1 0.0 0.0 
FTOF 6 2 30 19.3 1.1 0.0 0.0 
FTOF 6 2 31 19.3 1.1 0.0 0.0 
FTOF 6 2 32 19.3 1.1 0.0 0.0 
FTOF 6 2 33 19.3 1.1 0.0 0.0 
FTOF 6 2 34 19.3 1.1 0.0 0.0 
FTOF 6 2 35 19.3 1.1 0.0 0.0 
FTOF 6 2 36 19.3 1.1 0.0 0.0 
FTOF 6 2 37 19.3 1.1 0.0 0.0 
FTOF 6 2 38 19.3 1.1 0.0 0.0 
FTOF 6 2 39 19.3 1.1 0.0 0.0 
FTOF 6 2 40 19.3 1.1 0.0 0.0 
FTOF 6 2 41 19.3 1.1 0.0 0.0 
FTOF 6 2 42 19.3 1.1 0.0 0.0 
FTOF 6 2 43 19.3 1.1 0.0 0.0 
FTOF 6 2 44 19.3 1.1 0.0 0.0 
FTOF 6 2 45 19.3 1.1 0.0 0.0 
FTOF 6 2 46 19.3 1.1 0.0 0.0 
FTOF 6 2 47 19.3 1.1 0.0 0.0 
FTOF 6 2 48 19.3 1.1 0.0 0.0 
FTOF 6 2 49 19.3 1.1 0.0 0.0 
FTOF 6 2 50 19.3 1.1 0.0 0.0 
FTOF 6 2 51 19.3 1.1 0.0 0.0 
FTOF 6 2 52 19.3 1.1 0.0 0.0 
FTOF 6 2 53 19.3 1.1 0.0 0.0 
FTOF 6 2 54 19.3 1.1 0.0 0.0 
FTOF 6 2 55 19.3 1.1 0.0 0.0 
FTOF 6 2 56 19.3 1.1 0.0 0.0 
FTOF 6 2 57 19.3 1.1 0.0 0.0 
FTOF 6 2 58 19.3 1.1 0.0 0.0 
FTOF 6 2 59 19.3 1.1 0.0 0.0 
FTOF 6 2 60 19.3 1.1 0.0 0.0 
FTOF 6 2 61 19.3 1.1 0.0 0.0 
FTOF 6 2 62 19.3 1.1 0.0 0.0 
FTOF 6 3 1 10.0 11.9 0.0 0.0 
FTOF 6 3 2 10.0 11.9 0.0 0.0 
FTOF 6 3 3 10.0 11.9 0.0 0.0 
FTOF 6 3 4 10.0 11.9 0.0 0.0 
FTOF 6 3 5 10.0 11.9 0.0 0.0 
