0 Panel-1a 0 -235.0 97.0
0 Panel-1a 1 -283.0 -113.0
0 Panel-1a 2 811.0 949.0
0 Panel-1a 3 69.0 469.0
0 Panel-1a 4 77.0 171.0
0 Panel-1a 5 45.0 343.0
0 Panel-1a 6 -307.0 137.0
0 Panel-1a 7 -315.0 -63.0
0 Panel-1a 8 829.0 1097.0
0 Panel-1a 9 71.0 475.0
0 Panel-1a 10 75.0 171.0
0 Panel-1a 11 45.0 343.0
0 Panel-1a 12 -307.0 137.0
0 Panel-1a 13 -315.0 -63.0
0 Panel-1a 14 829.0 1097.0
0 Panel-1a 15 71.0 475.0
0 Panel-1a 16 75.0 171.0
0 Panel-1a 17 45.0 343.0
0 Panel-1a 18 -307.0 137.0
0 Panel-1a 19 -315.0 -63.0
0 Panel-1a 20 829.0 1097.0
0 Panel-1a 21 71.0 475.0
0 Panel-1a 22 75.0 171.0
0 Panel-1b 0 -235.0 97.0
0 Panel-1b 1 -283.0 -113.0
0 Panel-1b 2 811.0 949.0
0 Panel-1b 3 69.0 469.0
0 Panel-1b 4 77.0 171.0
0 Panel-1b 5 45.0 343.0
0 Panel-1b 6 -307.0 137.0
0 Panel-1b 7 -315.0 -63.0
0 Panel-1b 8 829.0 1097.0
0 Panel-1b 9 71.0 475.0
0 Panel-1b 10 75.0 171.0
0 Panel-1b 11 45.0 343.0
0 Panel-1b 12 -307.0 137.0
0 Panel-1b 13 -315.0 -63.0
0 Panel-1b 14 829.0 1097.0
0 Panel-1b 15 71.0 475.0
0 Panel-1b 16 75.0 171.0
0 Panel-1b 17 45.0 343.0
0 Panel-1b 18 -307.0 137.0
0 Panel-1b 19 -315.0 -63.0
0 Panel-1b 20 829.0 1097.0
0 Panel-1b 21 71.0 475.0
0 Panel-1b 22 75.0 171.0
0 Panel-1b 23 45.0 343.0
0 Panel-1b 24 -307.0 137.0
0 Panel-1b 25 -297.0 -19.0
0 Panel-1b 26 833.0 1041.0
0 Panel-1b 27 99.0 459.0
0 Panel-1b 28 65.0 379.0
0 Panel-1b 29 57.0 337.0
0 Panel-1b 30 -251.0 137.0
0 Panel-1b 31 -297.0 -19.0
0 Panel-1b 32 833.0 1041.0
0 Panel-1b 33 99.0 459.0
0 Panel-1b 34 65.0 379.0
0 Panel-1b 35 57.0 337.0
0 Panel-1b 36 -251.0 137.0
0 Panel-1b 37 -297.0 -19.0
0 Panel-1b 38 833.0 1041.0
0 Panel-1b 39 99.0 459.0
0 Panel-1b 40 65.0 379.0
0 Panel-1b 41 57.0 337.0
0 Panel-1b 42 -251.0 137.0
0 Panel-1b 43 -297.0 -19.0
0 Panel-1b 44 833.0 1041.0
0 Panel-1b 45 99.0 459.0
0 Panel-1b 46 65.0 379.0
0 Panel-1b 47 57.0 337.0
0 Panel-1b 48 -251.0 137.0
0 Panel-1b 49 -297.0 -19.0
0 Panel-1b 50 833.0 1041.0
0 Panel-1b 51 99.0 459.0
0 Panel-1b 52 65.0 379.0
0 Panel-1b 53 57.0 337.0
0 Panel-1b 54 -251.0 137.0
0 Panel-1b 55 -297.0 -19.0
0 Panel-1b 56 833.0 1041.0
0 Panel-1b 57 99.0 459.0
0 Panel-1b 58 65.0 379.0
0 Panel-1b 59 57.0 337.0
0 Panel-1b 60 -251.0 137.0
0 Panel-1b 61 -297.0 -19.0
0 Panel-2b 0 -235.0 97.0
0 Panel-2b 1 -283.0 -113.0
0 Panel-2b 2 811.0 949.0
0 Panel-2b 3 69.0 469.0
0 Panel-2b 4 77.0 171.0
1 Panel-1a 0 -235.0 97.0
1 Panel-1a 1 -283.0 -113.0
1 Panel-1a 2 811.0 949.0
1 Panel-1a 3 69.0 469.0
1 Panel-1a 4 77.0 171.0
1 Panel-1a 5 45.0 343.0
1 Panel-1a 6 -307.0 137.0
1 Panel-1a 7 -315.0 -63.0
1 Panel-1a 8 829.0 1097.0
1 Panel-1a 9 71.0 475.0
1 Panel-1a 10 75.0 171.0
1 Panel-1a 11 45.0 343.0
1 Panel-1a 12 -307.0 137.0
1 Panel-1a 13 -315.0 -63.0
1 Panel-1a 14 829.0 1097.0
1 Panel-1a 15 71.0 475.0
1 Panel-1a 16 75.0 171.0
1 Panel-1a 17 45.0 343.0
1 Panel-1a 18 -307.0 137.0
1 Panel-1a 19 -315.0 -63.0
1 Panel-1a 20 829.0 1097.0
1 Panel-1a 21 71.0 475.0
1 Panel-1a 22 75.0 171.0
1 Panel-1b 0 -235.0 97.0
1 Panel-1b 1 -283.0 -113.0
1 Panel-1b 2 811.0 949.0
1 Panel-1b 3 69.0 469.0
1 Panel-1b 4 77.0 171.0
1 Panel-1b 5 45.0 343.0
1 Panel-1b 6 -307.0 137.0
1 Panel-1b 7 -315.0 -63.0
1 Panel-1b 8 829.0 1097.0
1 Panel-1b 9 71.0 475.0
1 Panel-1b 10 75.0 171.0
1 Panel-1b 11 45.0 343.0
1 Panel-1b 12 -307.0 137.0
1 Panel-1b 13 -315.0 -63.0
1 Panel-1b 14 829.0 1097.0
1 Panel-1b 15 71.0 475.0
1 Panel-1b 16 75.0 171.0
1 Panel-1b 17 45.0 343.0
1 Panel-1b 18 -307.0 137.0
1 Panel-1b 19 -315.0 -63.0
1 Panel-1b 20 829.0 1097.0
1 Panel-1b 21 71.0 475.0
1 Panel-1b 22 75.0 171.0
1 Panel-1b 23 45.0 343.0
1 Panel-1b 24 -307.0 137.0
1 Panel-1b 25 -297.0 -19.0
1 Panel-1b 26 833.0 1041.0
1 Panel-1b 27 99.0 459.0
1 Panel-1b 28 65.0 379.0
1 Panel-1b 29 57.0 337.0
1 Panel-1b 30 -251.0 137.0
1 Panel-1b 31 -297.0 -19.0
1 Panel-1b 32 833.0 1041.0
1 Panel-1b 33 99.0 459.0
1 Panel-1b 34 65.0 379.0
1 Panel-1b 35 57.0 337.0
1 Panel-1b 36 -251.0 137.0
1 Panel-1b 37 -297.0 -19.0
1 Panel-1b 38 833.0 1041.0
1 Panel-1b 39 99.0 459.0
1 Panel-1b 40 65.0 379.0
1 Panel-1b 41 57.0 337.0
1 Panel-1b 42 -251.0 137.0
1 Panel-1b 43 -297.0 -19.0
1 Panel-1b 44 833.0 1041.0
1 Panel-1b 45 99.0 459.0
1 Panel-1b 46 65.0 379.0
1 Panel-1b 47 57.0 337.0
1 Panel-1b 48 -251.0 137.0
1 Panel-1b 49 -297.0 -19.0
1 Panel-1b 50 833.0 1041.0
1 Panel-1b 51 99.0 459.0
1 Panel-1b 52 65.0 379.0
1 Panel-1b 53 57.0 337.0
1 Panel-1b 54 -251.0 137.0
1 Panel-1b 55 -297.0 -19.0
1 Panel-1b 56 833.0 1041.0
1 Panel-1b 57 99.0 459.0
1 Panel-1b 58 65.0 379.0
1 Panel-1b 59 57.0 337.0
1 Panel-1b 60 -251.0 137.0
1 Panel-1b 61 -297.0 -19.0
1 Panel-2b 0 -235.0 97.0
1 Panel-2b 1 -283.0 -113.0
1 Panel-2b 2 811.0 949.0
1 Panel-2b 3 69.0 469.0
1 Panel-2b 4 77.0 171.0
2 Panel-1a 0 -235.0 97.0
2 Panel-1a 1 -283.0 -113.0
2 Panel-1a 2 811.0 949.0
2 Panel-1a 3 69.0 469.0
2 Panel-1a 4 77.0 171.0
2 Panel-1a 5 45.0 343.0
2 Panel-1a 6 -307.0 137.0
2 Panel-1a 7 -315.0 -63.0
2 Panel-1a 8 829.0 1097.0
2 Panel-1a 9 71.0 475.0
2 Panel-1a 10 75.0 171.0
2 Panel-1a 11 45.0 343.0
2 Panel-1a 12 -307.0 137.0
2 Panel-1a 13 -315.0 -63.0
2 Panel-1a 14 829.0 1097.0
2 Panel-1a 15 71.0 475.0
2 Panel-1a 16 75.0 171.0
2 Panel-1a 17 45.0 343.0
2 Panel-1a 18 -307.0 137.0
2 Panel-1a 19 -315.0 -63.0
2 Panel-1a 20 829.0 1097.0
2 Panel-1a 21 71.0 475.0
2 Panel-1a 22 75.0 171.0
2 Panel-1b 0 -235.0 97.0
2 Panel-1b 1 -283.0 -113.0
2 Panel-1b 2 811.0 949.0
2 Panel-1b 3 69.0 469.0
2 Panel-1b 4 77.0 171.0
2 Panel-1b 5 45.0 343.0
2 Panel-1b 6 -307.0 137.0
2 Panel-1b 7 -315.0 -63.0
2 Panel-1b 8 829.0 1097.0
2 Panel-1b 9 71.0 475.0
2 Panel-1b 10 75.0 171.0
2 Panel-1b 11 45.0 343.0
2 Panel-1b 12 -307.0 137.0
2 Panel-1b 13 -315.0 -63.0
2 Panel-1b 14 829.0 1097.0
2 Panel-1b 15 71.0 475.0
2 Panel-1b 16 75.0 171.0
2 Panel-1b 17 45.0 343.0
2 Panel-1b 18 -307.0 137.0
2 Panel-1b 19 -315.0 -63.0
2 Panel-1b 20 829.0 1097.0
2 Panel-1b 21 71.0 475.0
2 Panel-1b 22 75.0 171.0
2 Panel-1b 23 45.0 343.0
2 Panel-1b 24 -307.0 137.0
2 Panel-1b 25 -297.0 -19.0
2 Panel-1b 26 833.0 1041.0
2 Panel-1b 27 99.0 459.0
2 Panel-1b 28 65.0 379.0
2 Panel-1b 29 57.0 337.0
2 Panel-1b 30 -251.0 137.0
2 Panel-1b 31 -297.0 -19.0
2 Panel-1b 32 833.0 1041.0
2 Panel-1b 33 99.0 459.0
2 Panel-1b 34 65.0 379.0
2 Panel-1b 35 57.0 337.0
2 Panel-1b 36 -251.0 137.0
2 Panel-1b 37 -297.0 -19.0
2 Panel-1b 38 833.0 1041.0
2 Panel-1b 39 99.0 459.0
2 Panel-1b 40 65.0 379.0
2 Panel-1b 41 57.0 337.0
2 Panel-1b 42 -251.0 137.0
2 Panel-1b 43 -297.0 -19.0
2 Panel-1b 44 833.0 1041.0
2 Panel-1b 45 99.0 459.0
2 Panel-1b 46 65.0 379.0
2 Panel-1b 47 57.0 337.0
2 Panel-1b 48 -251.0 137.0
2 Panel-1b 49 -297.0 -19.0
2 Panel-1b 50 833.0 1041.0
2 Panel-1b 51 99.0 459.0
2 Panel-1b 52 65.0 379.0
2 Panel-1b 53 57.0 337.0
2 Panel-1b 54 -251.0 137.0
2 Panel-1b 55 -297.0 -19.0
2 Panel-1b 56 833.0 1041.0
2 Panel-1b 57 99.0 459.0
2 Panel-1b 58 65.0 379.0
2 Panel-1b 59 57.0 337.0
2 Panel-1b 60 -251.0 137.0
2 Panel-1b 61 -297.0 -19.0
2 Panel-2b 0 -235.0 97.0
2 Panel-2b 1 -283.0 -113.0
2 Panel-2b 2 811.0 949.0
2 Panel-2b 3 69.0 469.0
2 Panel-2b 4 77.0 171.0
3 Panel-1a 0 -235.0 97.0
3 Panel-1a 1 -283.0 -113.0
3 Panel-1a 2 811.0 949.0
3 Panel-1a 3 69.0 469.0
3 Panel-1a 4 77.0 171.0
3 Panel-1a 5 45.0 343.0
3 Panel-1a 6 -307.0 137.0
3 Panel-1a 7 -315.0 -63.0
3 Panel-1a 8 829.0 1097.0
3 Panel-1a 9 71.0 475.0
3 Panel-1a 10 75.0 171.0
3 Panel-1a 11 45.0 343.0
3 Panel-1a 12 -307.0 137.0
3 Panel-1a 13 -315.0 -63.0
3 Panel-1a 14 829.0 1097.0
3 Panel-1a 15 71.0 475.0
3 Panel-1a 16 75.0 171.0
3 Panel-1a 17 45.0 343.0
3 Panel-1a 18 -307.0 137.0
3 Panel-1a 19 -315.0 -63.0
3 Panel-1a 20 829.0 1097.0
3 Panel-1a 21 71.0 475.0
3 Panel-1a 22 75.0 171.0
3 Panel-1b 0 -235.0 97.0
3 Panel-1b 1 -283.0 -113.0
3 Panel-1b 2 811.0 949.0
3 Panel-1b 3 69.0 469.0
3 Panel-1b 4 77.0 171.0
3 Panel-1b 5 45.0 343.0
3 Panel-1b 6 -307.0 137.0
3 Panel-1b 7 -315.0 -63.0
3 Panel-1b 8 829.0 1097.0
3 Panel-1b 9 71.0 475.0
3 Panel-1b 10 75.0 171.0
3 Panel-1b 11 45.0 343.0
3 Panel-1b 12 -307.0 137.0
3 Panel-1b 13 -315.0 -63.0
3 Panel-1b 14 829.0 1097.0
3 Panel-1b 15 71.0 475.0
3 Panel-1b 16 75.0 171.0
3 Panel-1b 17 45.0 343.0
3 Panel-1b 18 -307.0 137.0
3 Panel-1b 19 -315.0 -63.0
3 Panel-1b 20 829.0 1097.0
3 Panel-1b 21 71.0 475.0
3 Panel-1b 22 75.0 171.0
3 Panel-1b 23 45.0 343.0
3 Panel-1b 24 -307.0 137.0
3 Panel-1b 25 -297.0 -19.0
3 Panel-1b 26 833.0 1041.0
3 Panel-1b 27 99.0 459.0
3 Panel-1b 28 65.0 379.0
3 Panel-1b 29 57.0 337.0
3 Panel-1b 30 -251.0 137.0
3 Panel-1b 31 -297.0 -19.0
3 Panel-1b 32 833.0 1041.0
3 Panel-1b 33 99.0 459.0
3 Panel-1b 34 65.0 379.0
3 Panel-1b 35 57.0 337.0
3 Panel-1b 36 -251.0 137.0
3 Panel-1b 37 -297.0 -19.0
3 Panel-1b 38 833.0 1041.0
3 Panel-1b 39 99.0 459.0
3 Panel-1b 40 65.0 379.0
3 Panel-1b 41 57.0 337.0
3 Panel-1b 42 -251.0 137.0
3 Panel-1b 43 -297.0 -19.0
3 Panel-1b 44 833.0 1041.0
3 Panel-1b 45 99.0 459.0
3 Panel-1b 46 65.0 379.0
3 Panel-1b 47 57.0 337.0
3 Panel-1b 48 -251.0 137.0
3 Panel-1b 49 -297.0 -19.0
3 Panel-1b 50 833.0 1041.0
3 Panel-1b 51 99.0 459.0
3 Panel-1b 52 65.0 379.0
3 Panel-1b 53 57.0 337.0
3 Panel-1b 54 -251.0 137.0
3 Panel-1b 55 -297.0 -19.0
3 Panel-1b 56 833.0 1041.0
3 Panel-1b 57 99.0 459.0
3 Panel-1b 58 65.0 379.0
3 Panel-1b 59 57.0 337.0
3 Panel-1b 60 -251.0 137.0
3 Panel-1b 61 -297.0 -19.0
3 Panel-2b 0 -235.0 97.0
3 Panel-2b 1 -283.0 -113.0
3 Panel-2b 2 811.0 949.0
3 Panel-2b 3 69.0 469.0
3 Panel-2b 4 77.0 171.0
4 Panel-1a 0 -235.0 97.0
4 Panel-1a 1 -283.0 -113.0
4 Panel-1a 2 811.0 949.0
4 Panel-1a 3 69.0 469.0
4 Panel-1a 4 77.0 171.0
4 Panel-1a 5 45.0 343.0
4 Panel-1a 6 -307.0 137.0
4 Panel-1a 7 -315.0 -63.0
4 Panel-1a 8 829.0 1097.0
4 Panel-1a 9 71.0 475.0
4 Panel-1a 10 75.0 171.0
4 Panel-1a 11 45.0 343.0
4 Panel-1a 12 -307.0 137.0
4 Panel-1a 13 -315.0 -63.0
4 Panel-1a 14 829.0 1097.0
4 Panel-1a 15 71.0 475.0
4 Panel-1a 16 75.0 171.0
4 Panel-1a 17 45.0 343.0
4 Panel-1a 18 -307.0 137.0
4 Panel-1a 19 -315.0 -63.0
4 Panel-1a 20 829.0 1097.0
4 Panel-1a 21 71.0 475.0
4 Panel-1a 22 75.0 171.0
4 Panel-1b 0 -235.0 97.0
4 Panel-1b 1 -283.0 -113.0
4 Panel-1b 2 811.0 949.0
4 Panel-1b 3 69.0 469.0
4 Panel-1b 4 77.0 171.0
4 Panel-1b 5 45.0 343.0
4 Panel-1b 6 -307.0 137.0
4 Panel-1b 7 -315.0 -63.0
4 Panel-1b 8 829.0 1097.0
4 Panel-1b 9 71.0 475.0
4 Panel-1b 10 75.0 171.0
4 Panel-1b 11 45.0 343.0
4 Panel-1b 12 -307.0 137.0
4 Panel-1b 13 -315.0 -63.0
4 Panel-1b 14 829.0 1097.0
4 Panel-1b 15 71.0 475.0
4 Panel-1b 16 75.0 171.0
4 Panel-1b 17 45.0 343.0
4 Panel-1b 18 -307.0 137.0
4 Panel-1b 19 -315.0 -63.0
4 Panel-1b 20 829.0 1097.0
4 Panel-1b 21 71.0 475.0
4 Panel-1b 22 75.0 171.0
4 Panel-1b 23 45.0 343.0
4 Panel-1b 24 -307.0 137.0
4 Panel-1b 25 -297.0 -19.0
4 Panel-1b 26 833.0 1041.0
4 Panel-1b 27 99.0 459.0
4 Panel-1b 28 65.0 379.0
4 Panel-1b 29 57.0 337.0
4 Panel-1b 30 -251.0 137.0
4 Panel-1b 31 -297.0 -19.0
4 Panel-1b 32 833.0 1041.0
4 Panel-1b 33 99.0 459.0
4 Panel-1b 34 65.0 379.0
4 Panel-1b 35 57.0 337.0
4 Panel-1b 36 -251.0 137.0
4 Panel-1b 37 -297.0 -19.0
4 Panel-1b 38 833.0 1041.0
4 Panel-1b 39 99.0 459.0
4 Panel-1b 40 65.0 379.0
4 Panel-1b 41 57.0 337.0
4 Panel-1b 42 -251.0 137.0
4 Panel-1b 43 -297.0 -19.0
4 Panel-1b 44 833.0 1041.0
4 Panel-1b 45 99.0 459.0
4 Panel-1b 46 65.0 379.0
4 Panel-1b 47 57.0 337.0
4 Panel-1b 48 -251.0 137.0
4 Panel-1b 49 -297.0 -19.0
4 Panel-1b 50 833.0 1041.0
4 Panel-1b 51 99.0 459.0
4 Panel-1b 52 65.0 379.0
4 Panel-1b 53 57.0 337.0
4 Panel-1b 54 -251.0 137.0
4 Panel-1b 55 -297.0 -19.0
4 Panel-1b 56 833.0 1041.0
4 Panel-1b 57 99.0 459.0
4 Panel-1b 58 65.0 379.0
4 Panel-1b 59 57.0 337.0
4 Panel-1b 60 -251.0 137.0
4 Panel-1b 61 -297.0 -19.0
4 Panel-2b 0 -235.0 97.0
4 Panel-2b 1 -283.0 -113.0
4 Panel-2b 2 811.0 949.0
4 Panel-2b 3 69.0 469.0
4 Panel-2b 4 77.0 171.0
5 Panel-1a 0 -235.0 97.0
5 Panel-1a 1 -283.0 -113.0
5 Panel-1a 2 811.0 949.0
5 Panel-1a 3 69.0 469.0
5 Panel-1a 4 77.0 171.0
5 Panel-1a 5 45.0 343.0
5 Panel-1a 6 -307.0 137.0
5 Panel-1a 7 -315.0 -63.0
5 Panel-1a 8 829.0 1097.0
5 Panel-1a 9 71.0 475.0
5 Panel-1a 10 75.0 171.0
5 Panel-1a 11 45.0 343.0
5 Panel-1a 12 -307.0 137.0
5 Panel-1a 13 -315.0 -63.0
5 Panel-1a 14 829.0 1097.0
5 Panel-1a 15 71.0 475.0
5 Panel-1a 16 75.0 171.0
5 Panel-1a 17 45.0 343.0
5 Panel-1a 18 -307.0 137.0
5 Panel-1a 19 -315.0 -63.0
5 Panel-1a 20 829.0 1097.0
5 Panel-1a 21 71.0 475.0
5 Panel-1a 22 75.0 171.0
5 Panel-1b 0 -235.0 97.0
5 Panel-1b 1 -283.0 -113.0
5 Panel-1b 2 811.0 949.0
5 Panel-1b 3 69.0 469.0
5 Panel-1b 4 77.0 171.0
5 Panel-1b 5 45.0 343.0
5 Panel-1b 6 -307.0 137.0
5 Panel-1b 7 -315.0 -63.0
5 Panel-1b 8 829.0 1097.0
5 Panel-1b 9 71.0 475.0
5 Panel-1b 10 75.0 171.0
5 Panel-1b 11 45.0 343.0
5 Panel-1b 12 -307.0 137.0
5 Panel-1b 13 -315.0 -63.0
5 Panel-1b 14 829.0 1097.0
5 Panel-1b 15 71.0 475.0
5 Panel-1b 16 75.0 171.0
5 Panel-1b 17 45.0 343.0
5 Panel-1b 18 -307.0 137.0
5 Panel-1b 19 -315.0 -63.0
5 Panel-1b 20 829.0 1097.0
5 Panel-1b 21 71.0 475.0
5 Panel-1b 22 75.0 171.0
5 Panel-1b 23 45.0 343.0
5 Panel-1b 24 -307.0 137.0
5 Panel-1b 25 -297.0 -19.0
5 Panel-1b 26 833.0 1041.0
5 Panel-1b 27 99.0 459.0
5 Panel-1b 28 65.0 379.0
5 Panel-1b 29 57.0 337.0
5 Panel-1b 30 -251.0 137.0
5 Panel-1b 31 -297.0 -19.0
5 Panel-1b 32 833.0 1041.0
5 Panel-1b 33 99.0 459.0
5 Panel-1b 34 65.0 379.0
5 Panel-1b 35 57.0 337.0
5 Panel-1b 36 -251.0 137.0
5 Panel-1b 37 -297.0 -19.0
5 Panel-1b 38 833.0 1041.0
5 Panel-1b 39 99.0 459.0
5 Panel-1b 40 65.0 379.0
5 Panel-1b 41 57.0 337.0
5 Panel-1b 42 -251.0 137.0
5 Panel-1b 43 -297.0 -19.0
5 Panel-1b 44 833.0 1041.0
5 Panel-1b 45 99.0 459.0
5 Panel-1b 46 65.0 379.0
5 Panel-1b 47 57.0 337.0
5 Panel-1b 48 -251.0 137.0
5 Panel-1b 49 -297.0 -19.0
5 Panel-1b 50 833.0 1041.0
5 Panel-1b 51 99.0 459.0
5 Panel-1b 52 65.0 379.0
5 Panel-1b 53 57.0 337.0
5 Panel-1b 54 -251.0 137.0
5 Panel-1b 55 -297.0 -19.0
5 Panel-1b 56 833.0 1041.0
5 Panel-1b 57 99.0 459.0
5 Panel-1b 58 65.0 379.0
5 Panel-1b 59 57.0 337.0
5 Panel-1b 60 -251.0 137.0
5 Panel-1b 61 -297.0 -19.0
5 Panel-2b 0 -235.0 97.0
5 Panel-2b 1 -283.0 -113.0
5 Panel-2b 2 811.0 949.0
5 Panel-2b 3 69.0 469.0
5 Panel-2b 4 77.0 171.0
