FTOF 1 1 1 0.0 0.0 0.0 
FTOF 1 1 2 0.0 0.0 0.0 
FTOF 1 1 3 0.0 0.0 0.0 
FTOF 1 1 4 0.0 0.0 0.0 
FTOF 1 1 5 0.0 0.0 0.0 
FTOF 1 1 6 0.0 0.0 0.0 
FTOF 1 1 7 0.0 0.0 0.0 
FTOF 1 1 8 0.0 0.0 0.0 
FTOF 1 1 9 0.0 0.0 0.0 
FTOF 1 1 10 0.0 0.0 0.0 
FTOF 1 1 11 0.0 0.0 0.0 
FTOF 1 1 12 0.0 0.0 0.0 
FTOF 1 1 13 0.0 0.0 0.0 
FTOF 1 1 14 0.0 0.0 0.0 
FTOF 1 1 15 0.0 0.0 0.0 
FTOF 1 1 16 0.0 0.0 0.0 
FTOF 1 1 17 0.0 0.0 0.0 
FTOF 1 1 18 0.0 0.0 0.0 
FTOF 1 1 19 0.0 0.0 0.0 
FTOF 1 1 20 0.0 0.0 0.0 
FTOF 1 1 21 0.0 0.0 0.0 
FTOF 1 1 22 0.0 0.0 0.0 
FTOF 1 1 23 0.0 0.0 0.0 
FTOF 1 2 1 0.0 0.0 0.0 
FTOF 1 2 2 0.0 0.0 0.0 
FTOF 1 2 3 0.0 0.0 0.0 
FTOF 1 2 4 0.0 0.0 0.0 
FTOF 1 2 5 0.0 0.0 0.0 
FTOF 1 2 6 0.0 0.0 0.0 
FTOF 1 2 7 0.0 0.0 0.0 
FTOF 1 2 8 0.0 0.0 0.0 
FTOF 1 2 9 0.0 0.0 0.0 
FTOF 1 2 10 0.0 0.0 0.0 
FTOF 1 2 11 0.0 0.0 0.0 
FTOF 1 2 12 0.0 0.0 0.0 
FTOF 1 2 13 0.0 0.0 0.0 
FTOF 1 2 14 0.0 0.0 0.0 
FTOF 1 2 15 0.0 0.0 0.0 
FTOF 1 2 16 0.0 0.0 0.0 
FTOF 1 2 17 0.0 0.0 0.0 
FTOF 1 2 18 0.0 0.0 0.0 
FTOF 1 2 19 0.0 0.0 0.0 
FTOF 1 2 20 0.0 0.0 0.0 
FTOF 1 2 21 0.0 0.0 0.0 
FTOF 1 2 22 0.0 0.0 0.0 
FTOF 1 2 23 0.0 0.0 0.0 
FTOF 1 2 24 0.0 0.0 0.0 
FTOF 1 2 25 0.0 0.0 0.0 
FTOF 1 2 26 0.0 0.0 0.0 
FTOF 1 2 27 0.0 0.0 0.0 
FTOF 1 2 28 0.0 0.0 0.0 
FTOF 1 2 29 0.0 0.0 0.0 
FTOF 1 2 30 0.0 0.0 0.0 
FTOF 1 2 31 0.0 0.0 0.0 
FTOF 1 2 32 0.0 0.0 0.0 
FTOF 1 2 33 0.0 0.0 0.0 
FTOF 1 2 34 0.0 0.0 0.0 
FTOF 1 2 35 0.0 0.0 0.0 
FTOF 1 2 36 0.0 0.0 0.0 
FTOF 1 2 37 0.0 0.0 0.0 
FTOF 1 2 38 0.0 0.0 0.0 
FTOF 1 2 39 0.0 0.0 0.0 
FTOF 1 2 40 0.0 0.0 0.0 
FTOF 1 2 41 0.0 0.0 0.0 
FTOF 1 2 42 0.0 0.0 0.0 
FTOF 1 2 43 0.0 0.0 0.0 
FTOF 1 2 44 0.0 0.0 0.0 
FTOF 1 2 45 0.0 0.0 0.0 
FTOF 1 2 46 0.0 0.0 0.0 
FTOF 1 2 47 0.0 0.0 0.0 
FTOF 1 2 48 0.0 0.0 0.0 
FTOF 1 2 49 0.0 0.0 0.0 
FTOF 1 2 50 0.0 0.0 0.0 
FTOF 1 2 51 0.0 0.0 0.0 
FTOF 1 2 52 0.0 0.0 0.0 
FTOF 1 2 53 0.0 0.0 0.0 
FTOF 1 2 54 0.0 0.0 0.0 
FTOF 1 2 55 0.0 0.0 0.0 
FTOF 1 2 56 0.0 0.0 0.0 
FTOF 1 2 57 0.0 0.0 0.0 
FTOF 1 2 58 0.0 0.0 0.0 
FTOF 1 2 59 0.0 0.0 0.0 
FTOF 1 2 60 0.0 0.0 0.0 
FTOF 1 2 61 0.0 0.0 0.0 
FTOF 1 2 62 0.0 0.0 0.0 
FTOF 1 3 1 0.0 0.0 0.0 
FTOF 1 3 2 0.0 0.0 0.0 
FTOF 1 3 3 0.0 0.0 0.0 
FTOF 1 3 4 0.0 0.0 0.0 
FTOF 1 3 5 0.0 0.0 0.0 
FTOF 2 1 1 92.635 9.181 0.636 
FTOF 2 1 2 117.312 13.893 -0.211 
FTOF 2 1 3 76.888 3.468 -0.213 
FTOF 2 1 4 110.435 4.967 0.315 
FTOF 2 1 5 98.048 4.055 0.065 
FTOF 2 1 6 96.535 2.8 0.565 
FTOF 2 1 7 124.736 3.759 0.008 
FTOF 2 1 8 130.329 3.93 0.14 
FTOF 2 1 9 133.709 3.594 -0.09 
FTOF 2 1 10 128.852 3.086 -0.229 
FTOF 2 1 11 144.558 2.811 -0.065 
FTOF 2 1 12 100.437 2.283 -0.307 
FTOF 2 1 13 140.517 2.634 -0.115 
FTOF 2 1 14 141.514 2.457 -0.367 
FTOF 2 1 15 136.058 2.596 -0.164 
FTOF 2 1 16 146.783 2.601 -0.15 
FTOF 2 1 17 148.288 2.365 -0.597 
FTOF 2 1 18 190.656 3.597 -0.04 
FTOF 2 1 19 173.553 3.088 -0.414 
FTOF 2 1 20 174.395 3.228 -0.201 
FTOF 2 1 21 177.356 3.242 0.382 
FTOF 2 1 22 181.229 2.777 -0.083 
FTOF 2 1 23 175.38 3.663 0.178 
FTOF 2 2 1 84.147 19.136 0.304 
FTOF 2 2 2 138.565 50.75 0.075 
FTOF 2 2 3 162.652 44.528 -0.053 
FTOF 2 2 4 101.457 14.924 -0.292 
FTOF 2 2 5 149.081 25.003 0.043 
FTOF 2 2 6 172.231 32.311 0.13 
FTOF 2 2 7 166.158 24.147 -0.127 
FTOF 2 2 8 129.301 10.849 0.064 
FTOF 2 2 9 154.909 16.756 -0.222 
FTOF 2 2 10 213.312 28.096 -0.111 
FTOF 2 2 11 214.259 26.767 -0.118 
FTOF 2 2 12 217.376 23.7 -0.036 
FTOF 2 2 13 177.688 12.56 0.078 
FTOF 2 2 14 150.112 8.189 -0.03 
FTOF 2 2 15 163.773 8.682 0.033 
FTOF 2 2 16 185.327 11.349 -0.09 
FTOF 2 2 17 195.844 12.381 -0.019 
FTOF 2 2 18 139.246 5.111 -0.025 
FTOF 2 2 19 141.23 4.379 0.009 
FTOF 2 2 20 186.442 8.772 0.059 
FTOF 2 2 21 144.244 3.972 0.011 
FTOF 2 2 22 200.035 9.073 0.027 
FTOF 2 2 23 179.462 6.277 0.017 
FTOF 2 2 24 150.279 3.678 0.013 
FTOF 2 2 25 181.306 5.753 -0.037 
FTOF 2 2 26 190.952 6.443 -0.057 
FTOF 2 2 27 225.307 8.052 -0.171 
FTOF 2 2 28 199.1 6.381 -0.066 
FTOF 2 2 29 174.51 4.236 -0.199 
FTOF 2 2 30 174.69 3.919 -0.2 
FTOF 2 2 31 142.55 2.427 -0.082 
FTOF 2 2 32 272.809 8.707 -0.191 
FTOF 2 2 33 241.462 5.511 -0.023 
FTOF 2 2 34 305.63 10.311 -0.038 
FTOF 2 2 35 280.064 7.359 -0.068 
FTOF 2 2 36 244.274 5.191 -0.069 
FTOF 2 2 37 256.61 5.223 -0.007 
FTOF 2 2 38 329.65 9.556 -0.076 
FTOF 2 2 39 217.997 3.719 -0.147 
FTOF 2 2 40 230.809 3.938 -0.145 
FTOF 2 2 41 270.041 5.726 -0.239 
FTOF 2 2 42 238.99 4.251 -0.117 
FTOF 2 2 43 220.835 3.426 -0.142 
FTOF 2 2 44 290.318 6.318 -0.115 
FTOF 2 2 45 243.525 4.528 -0.177 
FTOF 2 2 46 261.782 5.616 -0.094 
FTOF 2 2 47 271.288 4.724 -0.04 
FTOF 2 2 48 291.943 5.708 -0.236 
FTOF 2 2 49 280.325 5.929 -0.116 
FTOF 2 2 50 312.044 6.49 -0.148 
FTOF 2 2 51 353.042 7.616 -0.014 
FTOF 2 2 52 326.647 6.958 -0.101 
FTOF 2 2 53 325.972 6.33 -0.091 
FTOF 2 2 54 317.359 6.806 -0.014 
FTOF 2 2 55 257.238 4.636 0.041 
FTOF 2 2 56 353.543 7.897 -0.02 
FTOF 2 2 57 299.213 6.673 -0.06 
FTOF 2 2 58 224.92 4.316 -0.156 
FTOF 2 2 59 246.731 6.168 -0.196 
FTOF 2 2 60 272.21 7.349 -0.097 
FTOF 2 2 61 283.151 7.502 -0.12 
FTOF 2 2 62 312.209 7.679 -0.049 
FTOF 2 3 1 0.0 0.0 0.0 
FTOF 2 3 2 0.0 0.0 0.0 
FTOF 2 3 3 0.0 0.0 0.0 
FTOF 2 3 4 0.0 0.0 0.0 
FTOF 2 3 5 0.0 0.0 0.0 
FTOF 3 1 1 0.0 0.0 0.0 
FTOF 3 1 2 0.0 0.0 0.0 
FTOF 3 1 3 0.0 0.0 0.0 
FTOF 3 1 4 0.0 0.0 0.0 
FTOF 3 1 5 0.0 0.0 0.0 
FTOF 3 1 6 0.0 0.0 0.0 
FTOF 3 1 7 0.0 0.0 0.0 
FTOF 3 1 8 0.0 0.0 0.0 
FTOF 3 1 9 0.0 0.0 0.0 
FTOF 3 1 10 0.0 0.0 0.0 
FTOF 3 1 11 0.0 0.0 0.0 
FTOF 3 1 12 0.0 0.0 0.0 
FTOF 3 1 13 0.0 0.0 0.0 
FTOF 3 1 14 0.0 0.0 0.0 
FTOF 3 1 15 0.0 0.0 0.0 
FTOF 3 1 16 0.0 0.0 0.0 
FTOF 3 1 17 0.0 0.0 0.0 
FTOF 3 1 18 0.0 0.0 0.0 
FTOF 3 1 19 0.0 0.0 0.0 
FTOF 3 1 20 0.0 0.0 0.0 
FTOF 3 1 21 0.0 0.0 0.0 
FTOF 3 1 22 0.0 0.0 0.0 
FTOF 3 1 23 0.0 0.0 0.0 
FTOF 3 2 1 0.0 0.0 0.0 
FTOF 3 2 2 0.0 0.0 0.0 
FTOF 3 2 3 0.0 0.0 0.0 
FTOF 3 2 4 0.0 0.0 0.0 
FTOF 3 2 5 0.0 0.0 0.0 
FTOF 3 2 6 0.0 0.0 0.0 
FTOF 3 2 7 0.0 0.0 0.0 
FTOF 3 2 8 0.0 0.0 0.0 
FTOF 3 2 9 0.0 0.0 0.0 
FTOF 3 2 10 0.0 0.0 0.0 
FTOF 3 2 11 0.0 0.0 0.0 
FTOF 3 2 12 0.0 0.0 0.0 
FTOF 3 2 13 0.0 0.0 0.0 
FTOF 3 2 14 0.0 0.0 0.0 
FTOF 3 2 15 0.0 0.0 0.0 
FTOF 3 2 16 0.0 0.0 0.0 
FTOF 3 2 17 0.0 0.0 0.0 
FTOF 3 2 18 0.0 0.0 0.0 
FTOF 3 2 19 0.0 0.0 0.0 
FTOF 3 2 20 0.0 0.0 0.0 
FTOF 3 2 21 0.0 0.0 0.0 
FTOF 3 2 22 0.0 0.0 0.0 
FTOF 3 2 23 0.0 0.0 0.0 
FTOF 3 2 24 0.0 0.0 0.0 
FTOF 3 2 25 0.0 0.0 0.0 
FTOF 3 2 26 0.0 0.0 0.0 
FTOF 3 2 27 0.0 0.0 0.0 
FTOF 3 2 28 0.0 0.0 0.0 
FTOF 3 2 29 0.0 0.0 0.0 
FTOF 3 2 30 0.0 0.0 0.0 
FTOF 3 2 31 0.0 0.0 0.0 
FTOF 3 2 32 0.0 0.0 0.0 
FTOF 3 2 33 0.0 0.0 0.0 
FTOF 3 2 34 0.0 0.0 0.0 
FTOF 3 2 35 0.0 0.0 0.0 
FTOF 3 2 36 0.0 0.0 0.0 
FTOF 3 2 37 0.0 0.0 0.0 
FTOF 3 2 38 0.0 0.0 0.0 
FTOF 3 2 39 0.0 0.0 0.0 
FTOF 3 2 40 0.0 0.0 0.0 
FTOF 3 2 41 0.0 0.0 0.0 
FTOF 3 2 42 0.0 0.0 0.0 
FTOF 3 2 43 0.0 0.0 0.0 
FTOF 3 2 44 0.0 0.0 0.0 
FTOF 3 2 45 0.0 0.0 0.0 
FTOF 3 2 46 0.0 0.0 0.0 
FTOF 3 2 47 0.0 0.0 0.0 
FTOF 3 2 48 0.0 0.0 0.0 
FTOF 3 2 49 0.0 0.0 0.0 
FTOF 3 2 50 0.0 0.0 0.0 
FTOF 3 2 51 0.0 0.0 0.0 
FTOF 3 2 52 0.0 0.0 0.0 
FTOF 3 2 53 0.0 0.0 0.0 
FTOF 3 2 54 0.0 0.0 0.0 
FTOF 3 2 55 0.0 0.0 0.0 
FTOF 3 2 56 0.0 0.0 0.0 
FTOF 3 2 57 0.0 0.0 0.0 
FTOF 3 2 58 0.0 0.0 0.0 
FTOF 3 2 59 0.0 0.0 0.0 
FTOF 3 2 60 0.0 0.0 0.0 
FTOF 3 2 61 0.0 0.0 0.0 
FTOF 3 2 62 0.0 0.0 0.0 
FTOF 3 3 1 0.0 0.0 0.0 
FTOF 3 3 2 0.0 0.0 0.0 
FTOF 3 3 3 0.0 0.0 0.0 
FTOF 3 3 4 0.0 0.0 0.0 
FTOF 3 3 5 0.0 0.0 0.0 
FTOF 4 1 1 0.0 0.0 0.0 
FTOF 4 1 2 0.0 0.0 0.0 
FTOF 4 1 3 0.0 0.0 0.0 
FTOF 4 1 4 0.0 0.0 0.0 
FTOF 4 1 5 0.0 0.0 0.0 
FTOF 4 1 6 0.0 0.0 0.0 
FTOF 4 1 7 0.0 0.0 0.0 
FTOF 4 1 8 0.0 0.0 0.0 
FTOF 4 1 9 0.0 0.0 0.0 
FTOF 4 1 10 0.0 0.0 0.0 
FTOF 4 1 11 0.0 0.0 0.0 
FTOF 4 1 12 0.0 0.0 0.0 
FTOF 4 1 13 0.0 0.0 0.0 
FTOF 4 1 14 0.0 0.0 0.0 
FTOF 4 1 15 0.0 0.0 0.0 
FTOF 4 1 16 0.0 0.0 0.0 
FTOF 4 1 17 0.0 0.0 0.0 
FTOF 4 1 18 0.0 0.0 0.0 
FTOF 4 1 19 0.0 0.0 0.0 
FTOF 4 1 20 0.0 0.0 0.0 
FTOF 4 1 21 0.0 0.0 0.0 
FTOF 4 1 22 0.0 0.0 0.0 
FTOF 4 1 23 0.0 0.0 0.0 
FTOF 4 2 1 0.0 0.0 0.0 
FTOF 4 2 2 0.0 0.0 0.0 
FTOF 4 2 3 0.0 0.0 0.0 
FTOF 4 2 4 0.0 0.0 0.0 
FTOF 4 2 5 0.0 0.0 0.0 
FTOF 4 2 6 0.0 0.0 0.0 
FTOF 4 2 7 0.0 0.0 0.0 
FTOF 4 2 8 0.0 0.0 0.0 
FTOF 4 2 9 0.0 0.0 0.0 
FTOF 4 2 10 0.0 0.0 0.0 
FTOF 4 2 11 0.0 0.0 0.0 
FTOF 4 2 12 0.0 0.0 0.0 
FTOF 4 2 13 0.0 0.0 0.0 
FTOF 4 2 14 0.0 0.0 0.0 
FTOF 4 2 15 0.0 0.0 0.0 
FTOF 4 2 16 0.0 0.0 0.0 
FTOF 4 2 17 0.0 0.0 0.0 
FTOF 4 2 18 0.0 0.0 0.0 
FTOF 4 2 19 0.0 0.0 0.0 
FTOF 4 2 20 0.0 0.0 0.0 
FTOF 4 2 21 0.0 0.0 0.0 
FTOF 4 2 22 0.0 0.0 0.0 
FTOF 4 2 23 0.0 0.0 0.0 
FTOF 4 2 24 0.0 0.0 0.0 
FTOF 4 2 25 0.0 0.0 0.0 
FTOF 4 2 26 0.0 0.0 0.0 
FTOF 4 2 27 0.0 0.0 0.0 
FTOF 4 2 28 0.0 0.0 0.0 
FTOF 4 2 29 0.0 0.0 0.0 
FTOF 4 2 30 0.0 0.0 0.0 
FTOF 4 2 31 0.0 0.0 0.0 
FTOF 4 2 32 0.0 0.0 0.0 
FTOF 4 2 33 0.0 0.0 0.0 
FTOF 4 2 34 0.0 0.0 0.0 
FTOF 4 2 35 0.0 0.0 0.0 
FTOF 4 2 36 0.0 0.0 0.0 
FTOF 4 2 37 0.0 0.0 0.0 
FTOF 4 2 38 0.0 0.0 0.0 
FTOF 4 2 39 0.0 0.0 0.0 
FTOF 4 2 40 0.0 0.0 0.0 
FTOF 4 2 41 0.0 0.0 0.0 
FTOF 4 2 42 0.0 0.0 0.0 
FTOF 4 2 43 0.0 0.0 0.0 
FTOF 4 2 44 0.0 0.0 0.0 
FTOF 4 2 45 0.0 0.0 0.0 
FTOF 4 2 46 0.0 0.0 0.0 
FTOF 4 2 47 0.0 0.0 0.0 
FTOF 4 2 48 0.0 0.0 0.0 
FTOF 4 2 49 0.0 0.0 0.0 
FTOF 4 2 50 0.0 0.0 0.0 
FTOF 4 2 51 0.0 0.0 0.0 
FTOF 4 2 52 0.0 0.0 0.0 
FTOF 4 2 53 0.0 0.0 0.0 
FTOF 4 2 54 0.0 0.0 0.0 
FTOF 4 2 55 0.0 0.0 0.0 
FTOF 4 2 56 0.0 0.0 0.0 
FTOF 4 2 57 0.0 0.0 0.0 
FTOF 4 2 58 0.0 0.0 0.0 
FTOF 4 2 59 0.0 0.0 0.0 
FTOF 4 2 60 0.0 0.0 0.0 
FTOF 4 2 61 0.0 0.0 0.0 
FTOF 4 2 62 0.0 0.0 0.0 
FTOF 4 3 1 0.0 0.0 0.0 
FTOF 4 3 2 0.0 0.0 0.0 
FTOF 4 3 3 0.0 0.0 0.0 
FTOF 4 3 4 0.0 0.0 0.0 
FTOF 4 3 5 0.0 0.0 0.0 
FTOF 5 1 1 0.0 0.0 0.0 
FTOF 5 1 2 0.0 0.0 0.0 
FTOF 5 1 3 0.0 0.0 0.0 
FTOF 5 1 4 0.0 0.0 0.0 
FTOF 5 1 5 0.0 0.0 0.0 
FTOF 5 1 6 0.0 0.0 0.0 
FTOF 5 1 7 0.0 0.0 0.0 
FTOF 5 1 8 0.0 0.0 0.0 
FTOF 5 1 9 0.0 0.0 0.0 
FTOF 5 1 10 0.0 0.0 0.0 
FTOF 5 1 11 0.0 0.0 0.0 
FTOF 5 1 12 0.0 0.0 0.0 
FTOF 5 1 13 0.0 0.0 0.0 
FTOF 5 1 14 0.0 0.0 0.0 
FTOF 5 1 15 0.0 0.0 0.0 
FTOF 5 1 16 0.0 0.0 0.0 
FTOF 5 1 17 0.0 0.0 0.0 
FTOF 5 1 18 0.0 0.0 0.0 
FTOF 5 1 19 0.0 0.0 0.0 
FTOF 5 1 20 0.0 0.0 0.0 
FTOF 5 1 21 0.0 0.0 0.0 
FTOF 5 1 22 0.0 0.0 0.0 
FTOF 5 1 23 0.0 0.0 0.0 
FTOF 5 2 1 0.0 0.0 0.0 
FTOF 5 2 2 0.0 0.0 0.0 
FTOF 5 2 3 0.0 0.0 0.0 
FTOF 5 2 4 0.0 0.0 0.0 
FTOF 5 2 5 0.0 0.0 0.0 
FTOF 5 2 6 0.0 0.0 0.0 
FTOF 5 2 7 0.0 0.0 0.0 
FTOF 5 2 8 0.0 0.0 0.0 
FTOF 5 2 9 0.0 0.0 0.0 
FTOF 5 2 10 0.0 0.0 0.0 
FTOF 5 2 11 0.0 0.0 0.0 
FTOF 5 2 12 0.0 0.0 0.0 
FTOF 5 2 13 0.0 0.0 0.0 
FTOF 5 2 14 0.0 0.0 0.0 
FTOF 5 2 15 0.0 0.0 0.0 
FTOF 5 2 16 0.0 0.0 0.0 
FTOF 5 2 17 0.0 0.0 0.0 
FTOF 5 2 18 0.0 0.0 0.0 
FTOF 5 2 19 0.0 0.0 0.0 
FTOF 5 2 20 0.0 0.0 0.0 
FTOF 5 2 21 0.0 0.0 0.0 
FTOF 5 2 22 0.0 0.0 0.0 
FTOF 5 2 23 0.0 0.0 0.0 
FTOF 5 2 24 0.0 0.0 0.0 
FTOF 5 2 25 0.0 0.0 0.0 
FTOF 5 2 26 0.0 0.0 0.0 
FTOF 5 2 27 0.0 0.0 0.0 
FTOF 5 2 28 0.0 0.0 0.0 
FTOF 5 2 29 0.0 0.0 0.0 
FTOF 5 2 30 0.0 0.0 0.0 
FTOF 5 2 31 0.0 0.0 0.0 
FTOF 5 2 32 0.0 0.0 0.0 
FTOF 5 2 33 0.0 0.0 0.0 
FTOF 5 2 34 0.0 0.0 0.0 
FTOF 5 2 35 0.0 0.0 0.0 
FTOF 5 2 36 0.0 0.0 0.0 
FTOF 5 2 37 0.0 0.0 0.0 
FTOF 5 2 38 0.0 0.0 0.0 
FTOF 5 2 39 0.0 0.0 0.0 
FTOF 5 2 40 0.0 0.0 0.0 
FTOF 5 2 41 0.0 0.0 0.0 
FTOF 5 2 42 0.0 0.0 0.0 
FTOF 5 2 43 0.0 0.0 0.0 
FTOF 5 2 44 0.0 0.0 0.0 
FTOF 5 2 45 0.0 0.0 0.0 
FTOF 5 2 46 0.0 0.0 0.0 
FTOF 5 2 47 0.0 0.0 0.0 
FTOF 5 2 48 0.0 0.0 0.0 
FTOF 5 2 49 0.0 0.0 0.0 
FTOF 5 2 50 0.0 0.0 0.0 
FTOF 5 2 51 0.0 0.0 0.0 
FTOF 5 2 52 0.0 0.0 0.0 
FTOF 5 2 53 0.0 0.0 0.0 
FTOF 5 2 54 0.0 0.0 0.0 
FTOF 5 2 55 0.0 0.0 0.0 
FTOF 5 2 56 0.0 0.0 0.0 
FTOF 5 2 57 0.0 0.0 0.0 
FTOF 5 2 58 0.0 0.0 0.0 
FTOF 5 2 59 0.0 0.0 0.0 
FTOF 5 2 60 0.0 0.0 0.0 
FTOF 5 2 61 0.0 0.0 0.0 
FTOF 5 2 62 0.0 0.0 0.0 
FTOF 5 3 1 0.0 0.0 0.0 
FTOF 5 3 2 0.0 0.0 0.0 
FTOF 5 3 3 0.0 0.0 0.0 
FTOF 5 3 4 0.0 0.0 0.0 
FTOF 5 3 5 0.0 0.0 0.0 
FTOF 6 1 1 0.0 0.0 0.0 
FTOF 6 1 2 0.0 0.0 0.0 
FTOF 6 1 3 0.0 0.0 0.0 
FTOF 6 1 4 0.0 0.0 0.0 
FTOF 6 1 5 0.0 0.0 0.0 
FTOF 6 1 6 0.0 0.0 0.0 
FTOF 6 1 7 0.0 0.0 0.0 
FTOF 6 1 8 0.0 0.0 0.0 
FTOF 6 1 9 0.0 0.0 0.0 
FTOF 6 1 10 0.0 0.0 0.0 
FTOF 6 1 11 0.0 0.0 0.0 
FTOF 6 1 12 0.0 0.0 0.0 
FTOF 6 1 13 0.0 0.0 0.0 
FTOF 6 1 14 0.0 0.0 0.0 
FTOF 6 1 15 0.0 0.0 0.0 
FTOF 6 1 16 0.0 0.0 0.0 
FTOF 6 1 17 0.0 0.0 0.0 
FTOF 6 1 18 0.0 0.0 0.0 
FTOF 6 1 19 0.0 0.0 0.0 
FTOF 6 1 20 0.0 0.0 0.0 
FTOF 6 1 21 0.0 0.0 0.0 
FTOF 6 1 22 0.0 0.0 0.0 
FTOF 6 1 23 0.0 0.0 0.0 
FTOF 6 2 1 0.0 0.0 0.0 
FTOF 6 2 2 0.0 0.0 0.0 
FTOF 6 2 3 0.0 0.0 0.0 
FTOF 6 2 4 0.0 0.0 0.0 
FTOF 6 2 5 0.0 0.0 0.0 
FTOF 6 2 6 0.0 0.0 0.0 
FTOF 6 2 7 0.0 0.0 0.0 
FTOF 6 2 8 0.0 0.0 0.0 
FTOF 6 2 9 0.0 0.0 0.0 
FTOF 6 2 10 0.0 0.0 0.0 
FTOF 6 2 11 0.0 0.0 0.0 
FTOF 6 2 12 0.0 0.0 0.0 
FTOF 6 2 13 0.0 0.0 0.0 
FTOF 6 2 14 0.0 0.0 0.0 
FTOF 6 2 15 0.0 0.0 0.0 
FTOF 6 2 16 0.0 0.0 0.0 
FTOF 6 2 17 0.0 0.0 0.0 
FTOF 6 2 18 0.0 0.0 0.0 
FTOF 6 2 19 0.0 0.0 0.0 
FTOF 6 2 20 0.0 0.0 0.0 
FTOF 6 2 21 0.0 0.0 0.0 
FTOF 6 2 22 0.0 0.0 0.0 
FTOF 6 2 23 0.0 0.0 0.0 
FTOF 6 2 24 0.0 0.0 0.0 
FTOF 6 2 25 0.0 0.0 0.0 
FTOF 6 2 26 0.0 0.0 0.0 
FTOF 6 2 27 0.0 0.0 0.0 
FTOF 6 2 28 0.0 0.0 0.0 
FTOF 6 2 29 0.0 0.0 0.0 
FTOF 6 2 30 0.0 0.0 0.0 
FTOF 6 2 31 0.0 0.0 0.0 
FTOF 6 2 32 0.0 0.0 0.0 
FTOF 6 2 33 0.0 0.0 0.0 
FTOF 6 2 34 0.0 0.0 0.0 
FTOF 6 2 35 0.0 0.0 0.0 
FTOF 6 2 36 0.0 0.0 0.0 
FTOF 6 2 37 0.0 0.0 0.0 
FTOF 6 2 38 0.0 0.0 0.0 
FTOF 6 2 39 0.0 0.0 0.0 
FTOF 6 2 40 0.0 0.0 0.0 
FTOF 6 2 41 0.0 0.0 0.0 
FTOF 6 2 42 0.0 0.0 0.0 
FTOF 6 2 43 0.0 0.0 0.0 
FTOF 6 2 44 0.0 0.0 0.0 
FTOF 6 2 45 0.0 0.0 0.0 
FTOF 6 2 46 0.0 0.0 0.0 
FTOF 6 2 47 0.0 0.0 0.0 
FTOF 6 2 48 0.0 0.0 0.0 
FTOF 6 2 49 0.0 0.0 0.0 
FTOF 6 2 50 0.0 0.0 0.0 
FTOF 6 2 51 0.0 0.0 0.0 
FTOF 6 2 52 0.0 0.0 0.0 
FTOF 6 2 53 0.0 0.0 0.0 
FTOF 6 2 54 0.0 0.0 0.0 
FTOF 6 2 55 0.0 0.0 0.0 
FTOF 6 2 56 0.0 0.0 0.0 
FTOF 6 2 57 0.0 0.0 0.0 
FTOF 6 2 58 0.0 0.0 0.0 
FTOF 6 2 59 0.0 0.0 0.0 
FTOF 6 2 60 0.0 0.0 0.0 
FTOF 6 2 61 0.0 0.0 0.0 
FTOF 6 2 62 0.0 0.0 0.0 
FTOF 6 3 1 0.0 0.0 0.0 
FTOF 6 3 2 0.0 0.0 0.0 
FTOF 6 3 3 0.0 0.0 0.0 
FTOF 6 3 4 0.0 0.0 0.0 
FTOF 6 3 5 0.0 0.0 0.0 
