0 Panel-1a 0 0.0821313347608855 0.7414873837160942
0 Panel-1a 1 -0.04111299435028253 0.5894956416514563
0 Panel-1a 2 0.01764963503649636 0.6072074640934206
0 Panel-1a 3 -0.08771795439450951 0.7116629928106861
0 Panel-1a 4 -0.08219267480577144 0.663855402057484
0 Panel-1a 5 0.19273178061607804 0.7193547672576575
0 Panel-1a 6 0.08688161693936505 0.7400031113784208
0 Panel-1a 7 -0.3614363827549946 0.4039920899335424
0 Panel-1a 8 0.020813127930341513 0.6062334963954376
0 Panel-1a 9 -0.08294417150513597 0.7110130246517311
0 Panel-1a 10 -0.07882878855610209 0.6634489716355328
0 Panel-1a 11 0.19273178061607804 0.7193547672576575
0 Panel-1a 12 0.08688161693936505 0.7400031113784208
0 Panel-1a 13 -0.3614363827549946 0.4039920899335424
0 Panel-1a 14 0.020813127930341513 0.6062334963954376
0 Panel-1a 15 -0.08294417150513597 0.7110130246517311
0 Panel-1a 16 -0.07882878855610209 0.6634489716355328
0 Panel-1a 17 0.19273178061607804 0.7193547672576575
0 Panel-1a 18 0.08688161693936505 0.7400031113784208
0 Panel-1a 19 -0.3614363827549946 0.4039920899335424
0 Panel-1a 20 0.020813127930341513 0.6062334963954376
0 Panel-1a 21 -0.08294417150513597 0.7110130246517311
0 Panel-1a 22 -0.07882878855610209 0.6634489716355328
0 Panel-1b 0 0.0821313347608855 0.7414873837160942
0 Panel-1b 1 -0.04111299435028253 0.5894956416514563
0 Panel-1b 2 0.01764963503649636 0.6072074640934206
0 Panel-1b 3 -0.08771795439450951 0.7116629928106861
0 Panel-1b 4 -0.08219267480577144 0.663855402057484
0 Panel-1b 5 0.19273178061607804 0.7193547672576575
0 Panel-1b 6 0.08688161693936505 0.7400031113784208
0 Panel-1b 7 -0.3614363827549946 0.4039920899335424
0 Panel-1b 8 0.020813127930341513 0.6062334963954376
0 Panel-1b 9 -0.08294417150513597 0.7110130246517311
0 Panel-1b 10 -0.07882878855610209 0.6634489716355328
0 Panel-1b 11 0.19273178061607804 0.7193547672576575
0 Panel-1b 12 0.08688161693936505 0.7400031113784208
0 Panel-1b 13 -0.3614363827549946 0.4039920899335424
0 Panel-1b 14 0.020813127930341513 0.6062334963954376
0 Panel-1b 15 -0.08294417150513597 0.7110130246517311
0 Panel-1b 16 -0.07882878855610209 0.6634489716355328
0 Panel-1b 17 0.19273178061607804 0.7193547672576575
0 Panel-1b 18 0.08688161693936505 0.7400031113784208
0 Panel-1b 19 -0.3614363827549946 0.4039920899335424
0 Panel-1b 20 0.020813127930341513 0.6062334963954376
0 Panel-1b 21 -0.08294417150513597 0.7110130246517311
0 Panel-1b 22 -0.07882878855610209 0.6634489716355328
0 Panel-1b 23 0.19273178061607804 0.7193547672576575
0 Panel-1b 24 0.09286663409868112 0.7394388221222287
0 Panel-1b 25 -0.3560087527352297 0.40306424757048387
0 Panel-1b 26 0.030420276497695884 0.6068756098708734
0 Panel-1b 27 -0.07696279177259091 0.7122497051453632
0 Panel-1b 28 -0.06856904541241893 0.662117510973285
0 Panel-1b 29 0.19736955407483328 0.7192971000000158
0 Panel-1b 30 0.09345177165354354 0.7396307300055309
0 Panel-1b 31 -0.35627419354838696 0.4032767195130194
0 Panel-1b 32 0.03155098265895955 0.6070474825032101
0 Panel-1b 33 -0.07641498959056232 0.7123241450373624
0 Panel-1b 34 -0.06856904541241893 0.662117510973285
0 Panel-1b 35 0.19736955407483328 0.7192971000000158
0 Panel-1b 36 0.09345177165354354 0.7396307300055309
0 Panel-1b 37 -0.35627419354838696 0.4032767195130194
0 Panel-1b 38 0.03155098265895955 0.6070474825032101
0 Panel-1b 39 -0.07641498959056232 0.7123241450373624
0 Panel-1b 40 -0.06856904541241893 0.662117510973285
0 Panel-1b 41 0.19736955407483328 0.7192971000000158
0 Panel-1b 42 0.09345177165354354 0.7396307300055309
0 Panel-1b 43 -0.35627419354838696 0.4032767195130194
0 Panel-1b 44 0.03155098265895955 0.6070474825032101
0 Panel-1b 45 -0.07641498959056232 0.7123241450373624
0 Panel-1b 46 -0.06856904541241893 0.662117510973285
0 Panel-1b 47 0.19736955407483328 0.7192971000000158
0 Panel-1b 48 0.09345177165354354 0.7396307300055309
0 Panel-1b 49 -0.35627419354838696 0.4032767195130194
0 Panel-1b 50 0.03155098265895955 0.6070474825032101
0 Panel-1b 51 -0.07641498959056232 0.7123241450373624
0 Panel-1b 52 -0.06856904541241893 0.662117510973285
0 Panel-1b 53 0.19736955407483328 0.7192971000000158
0 Panel-1b 54 0.09345177165354354 0.7396307300055309
0 Panel-1b 55 -0.35627419354838696 0.4032767195130194
0 Panel-1b 56 0.03155098265895955 0.6070474825032101
0 Panel-1b 57 -0.07641498959056232 0.7123241450373624
0 Panel-1b 58 -0.06856904541241893 0.662117510973285
0 Panel-1b 59 0.19736955407483328 0.7192971000000158
0 Panel-1b 60 0.09345177165354354 0.7396307300055309
0 Panel-1b 61 -0.35627419354838696 0.4032767195130194
0 Panel-2b 0 0.0821313347608855 0.7414873837160942
0 Panel-2b 1 -0.04111299435028253 0.5894956416514563
0 Panel-2b 2 0.01764963503649636 0.6072074640934206
0 Panel-2b 3 -0.08771795439450951 0.7116629928106861
0 Panel-2b 4 -0.08219267480577144 0.663855402057484
1 Panel-1a 0 0.0821313347608855 0.7414873837160942
1 Panel-1a 1 -0.04111299435028253 0.5894956416514563
1 Panel-1a 2 0.01764963503649636 0.6072074640934206
1 Panel-1a 3 -0.08771795439450951 0.7116629928106861
1 Panel-1a 4 -0.08219267480577144 0.663855402057484
1 Panel-1a 5 0.19273178061607804 0.7193547672576575
1 Panel-1a 6 0.08688161693936505 0.7400031113784208
1 Panel-1a 7 -0.3614363827549946 0.4039920899335424
1 Panel-1a 8 0.020813127930341513 0.6062334963954376
1 Panel-1a 9 -0.08294417150513597 0.7110130246517311
1 Panel-1a 10 -0.07882878855610209 0.6634489716355328
1 Panel-1a 11 0.19273178061607804 0.7193547672576575
1 Panel-1a 12 0.08688161693936505 0.7400031113784208
1 Panel-1a 13 -0.3614363827549946 0.4039920899335424
1 Panel-1a 14 0.020813127930341513 0.6062334963954376
1 Panel-1a 15 -0.08294417150513597 0.7110130246517311
1 Panel-1a 16 -0.07882878855610209 0.6634489716355328
1 Panel-1a 17 0.19273178061607804 0.7193547672576575
1 Panel-1a 18 0.08688161693936505 0.7400031113784208
1 Panel-1a 19 -0.3614363827549946 0.4039920899335424
1 Panel-1a 20 0.020813127930341513 0.6062334963954376
1 Panel-1a 21 -0.08294417150513597 0.7110130246517311
1 Panel-1a 22 -0.07882878855610209 0.6634489716355328
1 Panel-1b 0 0.0821313347608855 0.7414873837160942
1 Panel-1b 1 -0.04111299435028253 0.5894956416514563
1 Panel-1b 2 0.01764963503649636 0.6072074640934206
1 Panel-1b 3 -0.08771795439450951 0.7116629928106861
1 Panel-1b 4 -0.08219267480577144 0.663855402057484
1 Panel-1b 5 0.19273178061607804 0.7193547672576575
1 Panel-1b 6 0.08688161693936505 0.7400031113784208
1 Panel-1b 7 -0.3614363827549946 0.4039920899335424
1 Panel-1b 8 0.020813127930341513 0.6062334963954376
1 Panel-1b 9 -0.08294417150513597 0.7110130246517311
1 Panel-1b 10 -0.07882878855610209 0.6634489716355328
1 Panel-1b 11 0.19273178061607804 0.7193547672576575
1 Panel-1b 12 0.08688161693936505 0.7400031113784208
1 Panel-1b 13 -0.3614363827549946 0.4039920899335424
1 Panel-1b 14 0.020813127930341513 0.6062334963954376
1 Panel-1b 15 -0.08294417150513597 0.7110130246517311
1 Panel-1b 16 -0.07882878855610209 0.6634489716355328
1 Panel-1b 17 0.19273178061607804 0.7193547672576575
1 Panel-1b 18 0.08688161693936505 0.7400031113784208
1 Panel-1b 19 -0.3614363827549946 0.4039920899335424
1 Panel-1b 20 0.020813127930341513 0.6062334963954376
1 Panel-1b 21 -0.08294417150513597 0.7110130246517311
1 Panel-1b 22 -0.07882878855610209 0.6634489716355328
1 Panel-1b 23 0.19273178061607804 0.7193547672576575
1 Panel-1b 24 0.09286663409868112 0.7394388221222287
1 Panel-1b 25 -0.3560087527352297 0.40306424757048387
1 Panel-1b 26 0.030420276497695884 0.6068756098708734
1 Panel-1b 27 -0.07696279177259091 0.7122497051453632
1 Panel-1b 28 -0.06856904541241893 0.662117510973285
1 Panel-1b 29 0.19736955407483328 0.7192971000000158
1 Panel-1b 30 0.09345177165354354 0.7396307300055309
1 Panel-1b 31 -0.35627419354838696 0.4032767195130194
1 Panel-1b 32 0.03155098265895955 0.6070474825032101
1 Panel-1b 33 -0.07641498959056232 0.7123241450373624
1 Panel-1b 34 -0.06856904541241893 0.662117510973285
1 Panel-1b 35 0.19736955407483328 0.7192971000000158
1 Panel-1b 36 0.09345177165354354 0.7396307300055309
1 Panel-1b 37 -0.35627419354838696 0.4032767195130194
1 Panel-1b 38 0.03155098265895955 0.6070474825032101
1 Panel-1b 39 -0.07641498959056232 0.7123241450373624
1 Panel-1b 40 -0.06856904541241893 0.662117510973285
1 Panel-1b 41 0.19736955407483328 0.7192971000000158
1 Panel-1b 42 0.09345177165354354 0.7396307300055309
1 Panel-1b 43 -0.35627419354838696 0.4032767195130194
1 Panel-1b 44 0.03155098265895955 0.6070474825032101
1 Panel-1b 45 -0.07641498959056232 0.7123241450373624
1 Panel-1b 46 -0.06856904541241893 0.662117510973285
1 Panel-1b 47 0.19736955407483328 0.7192971000000158
1 Panel-1b 48 0.09345177165354354 0.7396307300055309
1 Panel-1b 49 -0.35627419354838696 0.4032767195130194
1 Panel-1b 50 0.03155098265895955 0.6070474825032101
1 Panel-1b 51 -0.07641498959056232 0.7123241450373624
1 Panel-1b 52 -0.06856904541241893 0.662117510973285
1 Panel-1b 53 0.19736955407483328 0.7192971000000158
1 Panel-1b 54 0.09345177165354354 0.7396307300055309
1 Panel-1b 55 -0.35627419354838696 0.4032767195130194
1 Panel-1b 56 0.03155098265895955 0.6070474825032101
1 Panel-1b 57 -0.07641498959056232 0.7123241450373624
1 Panel-1b 58 -0.06856904541241893 0.662117510973285
1 Panel-1b 59 0.19736955407483328 0.7192971000000158
1 Panel-1b 60 0.09345177165354354 0.7396307300055309
1 Panel-1b 61 -0.35627419354838696 0.4032767195130194
1 Panel-2b 0 0.0821313347608855 0.7414873837160942
1 Panel-2b 1 -0.04111299435028253 0.5894956416514563
1 Panel-2b 2 0.01764963503649636 0.6072074640934206
1 Panel-2b 3 -0.08771795439450951 0.7116629928106861
1 Panel-2b 4 -0.08219267480577144 0.663855402057484
2 Panel-1a 0 0.0821313347608855 0.7414873837160942
2 Panel-1a 1 -0.04111299435028253 0.5894956416514563
2 Panel-1a 2 0.01764963503649636 0.6072074640934206
2 Panel-1a 3 -0.08771795439450951 0.7116629928106861
2 Panel-1a 4 -0.08219267480577144 0.663855402057484
2 Panel-1a 5 0.19273178061607804 0.7193547672576575
2 Panel-1a 6 0.08688161693936505 0.7400031113784208
2 Panel-1a 7 -0.3614363827549946 0.4039920899335424
2 Panel-1a 8 0.020813127930341513 0.6062334963954376
2 Panel-1a 9 -0.08294417150513597 0.7110130246517311
2 Panel-1a 10 -0.07882878855610209 0.6634489716355328
2 Panel-1a 11 0.19273178061607804 0.7193547672576575
2 Panel-1a 12 0.08688161693936505 0.7400031113784208
2 Panel-1a 13 -0.3614363827549946 0.4039920899335424
2 Panel-1a 14 0.020813127930341513 0.6062334963954376
2 Panel-1a 15 -0.08294417150513597 0.7110130246517311
2 Panel-1a 16 -0.07882878855610209 0.6634489716355328
2 Panel-1a 17 0.19273178061607804 0.7193547672576575
2 Panel-1a 18 0.08688161693936505 0.7400031113784208
2 Panel-1a 19 -0.3614363827549946 0.4039920899335424
2 Panel-1a 20 0.020813127930341513 0.6062334963954376
2 Panel-1a 21 -0.08294417150513597 0.7110130246517311
2 Panel-1a 22 -0.07882878855610209 0.6634489716355328
2 Panel-1b 0 0.0821313347608855 0.7414873837160942
2 Panel-1b 1 -0.04111299435028253 0.5894956416514563
2 Panel-1b 2 0.01764963503649636 0.6072074640934206
2 Panel-1b 3 -0.08771795439450951 0.7116629928106861
2 Panel-1b 4 -0.08219267480577144 0.663855402057484
2 Panel-1b 5 0.19273178061607804 0.7193547672576575
2 Panel-1b 6 0.08688161693936505 0.7400031113784208
2 Panel-1b 7 -0.3614363827549946 0.4039920899335424
2 Panel-1b 8 0.020813127930341513 0.6062334963954376
2 Panel-1b 9 -0.08294417150513597 0.7110130246517311
2 Panel-1b 10 -0.07882878855610209 0.6634489716355328
2 Panel-1b 11 0.19273178061607804 0.7193547672576575
2 Panel-1b 12 0.08688161693936505 0.7400031113784208
2 Panel-1b 13 -0.3614363827549946 0.4039920899335424
2 Panel-1b 14 0.020813127930341513 0.6062334963954376
2 Panel-1b 15 -0.08294417150513597 0.7110130246517311
2 Panel-1b 16 -0.07882878855610209 0.6634489716355328
2 Panel-1b 17 0.19273178061607804 0.7193547672576575
2 Panel-1b 18 0.08688161693936505 0.7400031113784208
2 Panel-1b 19 -0.3614363827549946 0.4039920899335424
2 Panel-1b 20 0.020813127930341513 0.6062334963954376
2 Panel-1b 21 -0.08294417150513597 0.7110130246517311
2 Panel-1b 22 -0.07882878855610209 0.6634489716355328
2 Panel-1b 23 0.19273178061607804 0.7193547672576575
2 Panel-1b 24 0.09286663409868112 0.7394388221222287
2 Panel-1b 25 -0.3560087527352297 0.40306424757048387
2 Panel-1b 26 0.030420276497695884 0.6068756098708734
2 Panel-1b 27 -0.07696279177259091 0.7122497051453632
2 Panel-1b 28 -0.06856904541241893 0.662117510973285
2 Panel-1b 29 0.19736955407483328 0.7192971000000158
2 Panel-1b 30 0.09345177165354354 0.7396307300055309
2 Panel-1b 31 -0.35627419354838696 0.4032767195130194
2 Panel-1b 32 0.03155098265895955 0.6070474825032101
2 Panel-1b 33 -0.07641498959056232 0.7123241450373624
2 Panel-1b 34 -0.06856904541241893 0.662117510973285
2 Panel-1b 35 0.19736955407483328 0.7192971000000158
2 Panel-1b 36 0.09345177165354354 0.7396307300055309
2 Panel-1b 37 -0.35627419354838696 0.4032767195130194
2 Panel-1b 38 0.03155098265895955 0.6070474825032101
2 Panel-1b 39 -0.07641498959056232 0.7123241450373624
2 Panel-1b 40 -0.06856904541241893 0.662117510973285
2 Panel-1b 41 0.19736955407483328 0.7192971000000158
2 Panel-1b 42 0.09345177165354354 0.7396307300055309
2 Panel-1b 43 -0.35627419354838696 0.4032767195130194
2 Panel-1b 44 0.03155098265895955 0.6070474825032101
2 Panel-1b 45 -0.07641498959056232 0.7123241450373624
2 Panel-1b 46 -0.06856904541241893 0.662117510973285
2 Panel-1b 47 0.19736955407483328 0.7192971000000158
2 Panel-1b 48 0.09345177165354354 0.7396307300055309
2 Panel-1b 49 -0.35627419354838696 0.4032767195130194
2 Panel-1b 50 0.03155098265895955 0.6070474825032101
2 Panel-1b 51 -0.07641498959056232 0.7123241450373624
2 Panel-1b 52 -0.06856904541241893 0.662117510973285
2 Panel-1b 53 0.19736955407483328 0.7192971000000158
2 Panel-1b 54 0.09345177165354354 0.7396307300055309
2 Panel-1b 55 -0.35627419354838696 0.4032767195130194
2 Panel-1b 56 0.03155098265895955 0.6070474825032101
2 Panel-1b 57 -0.07641498959056232 0.7123241450373624
2 Panel-1b 58 -0.06856904541241893 0.662117510973285
2 Panel-1b 59 0.19736955407483328 0.7192971000000158
2 Panel-1b 60 0.09345177165354354 0.7396307300055309
2 Panel-1b 61 -0.35627419354838696 0.4032767195130194
2 Panel-2b 0 0.0821313347608855 0.7414873837160942
2 Panel-2b 1 -0.04111299435028253 0.5894956416514563
2 Panel-2b 2 0.01764963503649636 0.6072074640934206
2 Panel-2b 3 -0.08771795439450951 0.7116629928106861
2 Panel-2b 4 -0.08219267480577144 0.663855402057484
3 Panel-1a 0 0.0821313347608855 0.7414873837160942
3 Panel-1a 1 -0.04111299435028253 0.5894956416514563
3 Panel-1a 2 0.01764963503649636 0.6072074640934206
3 Panel-1a 3 -0.08771795439450951 0.7116629928106861
3 Panel-1a 4 -0.08219267480577144 0.663855402057484
3 Panel-1a 5 0.19273178061607804 0.7193547672576575
3 Panel-1a 6 0.08688161693936505 0.7400031113784208
3 Panel-1a 7 -0.3614363827549946 0.4039920899335424
3 Panel-1a 8 0.020813127930341513 0.6062334963954376
3 Panel-1a 9 -0.08294417150513597 0.7110130246517311
3 Panel-1a 10 -0.07882878855610209 0.6634489716355328
3 Panel-1a 11 0.19273178061607804 0.7193547672576575
3 Panel-1a 12 0.08688161693936505 0.7400031113784208
3 Panel-1a 13 -0.3614363827549946 0.4039920899335424
3 Panel-1a 14 0.020813127930341513 0.6062334963954376
3 Panel-1a 15 -0.08294417150513597 0.7110130246517311
3 Panel-1a 16 -0.07882878855610209 0.6634489716355328
3 Panel-1a 17 0.19273178061607804 0.7193547672576575
3 Panel-1a 18 0.08688161693936505 0.7400031113784208
3 Panel-1a 19 -0.3614363827549946 0.4039920899335424
3 Panel-1a 20 0.020813127930341513 0.6062334963954376
3 Panel-1a 21 -0.08294417150513597 0.7110130246517311
3 Panel-1a 22 -0.07882878855610209 0.6634489716355328
3 Panel-1b 0 0.0821313347608855 0.7414873837160942
3 Panel-1b 1 -0.04111299435028253 0.5894956416514563
3 Panel-1b 2 0.01764963503649636 0.6072074640934206
3 Panel-1b 3 -0.08771795439450951 0.7116629928106861
3 Panel-1b 4 -0.08219267480577144 0.663855402057484
3 Panel-1b 5 0.19273178061607804 0.7193547672576575
3 Panel-1b 6 0.08688161693936505 0.7400031113784208
3 Panel-1b 7 -0.3614363827549946 0.4039920899335424
3 Panel-1b 8 0.020813127930341513 0.6062334963954376
3 Panel-1b 9 -0.08294417150513597 0.7110130246517311
3 Panel-1b 10 -0.07882878855610209 0.6634489716355328
3 Panel-1b 11 0.19273178061607804 0.7193547672576575
3 Panel-1b 12 0.08688161693936505 0.7400031113784208
3 Panel-1b 13 -0.3614363827549946 0.4039920899335424
3 Panel-1b 14 0.020813127930341513 0.6062334963954376
3 Panel-1b 15 -0.08294417150513597 0.7110130246517311
3 Panel-1b 16 -0.07882878855610209 0.6634489716355328
3 Panel-1b 17 0.19273178061607804 0.7193547672576575
3 Panel-1b 18 0.08688161693936505 0.7400031113784208
3 Panel-1b 19 -0.3614363827549946 0.4039920899335424
3 Panel-1b 20 0.020813127930341513 0.6062334963954376
3 Panel-1b 21 -0.08294417150513597 0.7110130246517311
3 Panel-1b 22 -0.07882878855610209 0.6634489716355328
3 Panel-1b 23 0.19273178061607804 0.7193547672576575
3 Panel-1b 24 0.09286663409868112 0.7394388221222287
3 Panel-1b 25 -0.3560087527352297 0.40306424757048387
3 Panel-1b 26 0.030420276497695884 0.6068756098708734
3 Panel-1b 27 -0.07696279177259091 0.7122497051453632
3 Panel-1b 28 -0.06856904541241893 0.662117510973285
3 Panel-1b 29 0.19736955407483328 0.7192971000000158
3 Panel-1b 30 0.09345177165354354 0.7396307300055309
3 Panel-1b 31 -0.35627419354838696 0.4032767195130194
3 Panel-1b 32 0.03155098265895955 0.6070474825032101
3 Panel-1b 33 -0.07641498959056232 0.7123241450373624
3 Panel-1b 34 -0.06856904541241893 0.662117510973285
3 Panel-1b 35 0.19736955407483328 0.7192971000000158
3 Panel-1b 36 0.09345177165354354 0.7396307300055309
3 Panel-1b 37 -0.35627419354838696 0.4032767195130194
3 Panel-1b 38 0.03155098265895955 0.6070474825032101
3 Panel-1b 39 -0.07641498959056232 0.7123241450373624
3 Panel-1b 40 -0.06856904541241893 0.662117510973285
3 Panel-1b 41 0.19736955407483328 0.7192971000000158
3 Panel-1b 42 0.09345177165354354 0.7396307300055309
3 Panel-1b 43 -0.35627419354838696 0.4032767195130194
3 Panel-1b 44 0.03155098265895955 0.6070474825032101
3 Panel-1b 45 -0.07641498959056232 0.7123241450373624
3 Panel-1b 46 -0.06856904541241893 0.662117510973285
3 Panel-1b 47 0.19736955407483328 0.7192971000000158
3 Panel-1b 48 0.09345177165354354 0.7396307300055309
3 Panel-1b 49 -0.35627419354838696 0.4032767195130194
3 Panel-1b 50 0.03155098265895955 0.6070474825032101
3 Panel-1b 51 -0.07641498959056232 0.7123241450373624
3 Panel-1b 52 -0.06856904541241893 0.662117510973285
3 Panel-1b 53 0.19736955407483328 0.7192971000000158
3 Panel-1b 54 0.09345177165354354 0.7396307300055309
3 Panel-1b 55 -0.35627419354838696 0.4032767195130194
3 Panel-1b 56 0.03155098265895955 0.6070474825032101
3 Panel-1b 57 -0.07641498959056232 0.7123241450373624
3 Panel-1b 58 -0.06856904541241893 0.662117510973285
3 Panel-1b 59 0.19736955407483328 0.7192971000000158
3 Panel-1b 60 0.09345177165354354 0.7396307300055309
3 Panel-1b 61 -0.35627419354838696 0.4032767195130194
3 Panel-2b 0 0.0821313347608855 0.7414873837160942
3 Panel-2b 1 -0.04111299435028253 0.5894956416514563
3 Panel-2b 2 0.01764963503649636 0.6072074640934206
3 Panel-2b 3 -0.08771795439450951 0.7116629928106861
3 Panel-2b 4 -0.08219267480577144 0.663855402057484
4 Panel-1a 0 0.0821313347608855 0.7414873837160942
4 Panel-1a 1 -0.04111299435028253 0.5894956416514563
4 Panel-1a 2 0.01764963503649636 0.6072074640934206
4 Panel-1a 3 -0.08771795439450951 0.7116629928106861
4 Panel-1a 4 -0.08219267480577144 0.663855402057484
4 Panel-1a 5 0.19273178061607804 0.7193547672576575
4 Panel-1a 6 0.08688161693936505 0.7400031113784208
4 Panel-1a 7 -0.3614363827549946 0.4039920899335424
4 Panel-1a 8 0.020813127930341513 0.6062334963954376
4 Panel-1a 9 -0.08294417150513597 0.7110130246517311
4 Panel-1a 10 -0.07882878855610209 0.6634489716355328
4 Panel-1a 11 0.19273178061607804 0.7193547672576575
4 Panel-1a 12 0.08688161693936505 0.7400031113784208
4 Panel-1a 13 -0.3614363827549946 0.4039920899335424
4 Panel-1a 14 0.020813127930341513 0.6062334963954376
4 Panel-1a 15 -0.08294417150513597 0.7110130246517311
4 Panel-1a 16 -0.07882878855610209 0.6634489716355328
4 Panel-1a 17 0.19273178061607804 0.7193547672576575
4 Panel-1a 18 0.08688161693936505 0.7400031113784208
4 Panel-1a 19 -0.3614363827549946 0.4039920899335424
4 Panel-1a 20 0.020813127930341513 0.6062334963954376
4 Panel-1a 21 -0.08294417150513597 0.7110130246517311
4 Panel-1a 22 -0.07882878855610209 0.6634489716355328
4 Panel-1b 0 0.0821313347608855 0.7414873837160942
4 Panel-1b 1 -0.04111299435028253 0.5894956416514563
4 Panel-1b 2 0.01764963503649636 0.6072074640934206
4 Panel-1b 3 -0.08771795439450951 0.7116629928106861
4 Panel-1b 4 -0.08219267480577144 0.663855402057484
4 Panel-1b 5 0.19273178061607804 0.7193547672576575
4 Panel-1b 6 0.08688161693936505 0.7400031113784208
4 Panel-1b 7 -0.3614363827549946 0.4039920899335424
4 Panel-1b 8 0.020813127930341513 0.6062334963954376
4 Panel-1b 9 -0.08294417150513597 0.7110130246517311
4 Panel-1b 10 -0.07882878855610209 0.6634489716355328
4 Panel-1b 11 0.19273178061607804 0.7193547672576575
4 Panel-1b 12 0.08688161693936505 0.7400031113784208
4 Panel-1b 13 -0.3614363827549946 0.4039920899335424
4 Panel-1b 14 0.020813127930341513 0.6062334963954376
4 Panel-1b 15 -0.08294417150513597 0.7110130246517311
4 Panel-1b 16 -0.07882878855610209 0.6634489716355328
4 Panel-1b 17 0.19273178061607804 0.7193547672576575
4 Panel-1b 18 0.08688161693936505 0.7400031113784208
4 Panel-1b 19 -0.3614363827549946 0.4039920899335424
4 Panel-1b 20 0.020813127930341513 0.6062334963954376
4 Panel-1b 21 -0.08294417150513597 0.7110130246517311
4 Panel-1b 22 -0.07882878855610209 0.6634489716355328
4 Panel-1b 23 0.19273178061607804 0.7193547672576575
4 Panel-1b 24 0.09286663409868112 0.7394388221222287
4 Panel-1b 25 -0.3560087527352297 0.40306424757048387
4 Panel-1b 26 0.030420276497695884 0.6068756098708734
4 Panel-1b 27 -0.07696279177259091 0.7122497051453632
4 Panel-1b 28 -0.06856904541241893 0.662117510973285
4 Panel-1b 29 0.19736955407483328 0.7192971000000158
4 Panel-1b 30 0.09345177165354354 0.7396307300055309
4 Panel-1b 31 -0.35627419354838696 0.4032767195130194
4 Panel-1b 32 0.03155098265895955 0.6070474825032101
4 Panel-1b 33 -0.07641498959056232 0.7123241450373624
4 Panel-1b 34 -0.06856904541241893 0.662117510973285
4 Panel-1b 35 0.19736955407483328 0.7192971000000158
4 Panel-1b 36 0.09345177165354354 0.7396307300055309
4 Panel-1b 37 -0.35627419354838696 0.4032767195130194
4 Panel-1b 38 0.03155098265895955 0.6070474825032101
4 Panel-1b 39 -0.07641498959056232 0.7123241450373624
4 Panel-1b 40 -0.06856904541241893 0.662117510973285
4 Panel-1b 41 0.19736955407483328 0.7192971000000158
4 Panel-1b 42 0.09345177165354354 0.7396307300055309
4 Panel-1b 43 -0.35627419354838696 0.4032767195130194
4 Panel-1b 44 0.03155098265895955 0.6070474825032101
4 Panel-1b 45 -0.07641498959056232 0.7123241450373624
4 Panel-1b 46 -0.06856904541241893 0.662117510973285
4 Panel-1b 47 0.19736955407483328 0.7192971000000158
4 Panel-1b 48 0.09345177165354354 0.7396307300055309
4 Panel-1b 49 -0.35627419354838696 0.4032767195130194
4 Panel-1b 50 0.03155098265895955 0.6070474825032101
4 Panel-1b 51 -0.07641498959056232 0.7123241450373624
4 Panel-1b 52 -0.06856904541241893 0.662117510973285
4 Panel-1b 53 0.19736955407483328 0.7192971000000158
4 Panel-1b 54 0.09345177165354354 0.7396307300055309
4 Panel-1b 55 -0.35627419354838696 0.4032767195130194
4 Panel-1b 56 0.03155098265895955 0.6070474825032101
4 Panel-1b 57 -0.07641498959056232 0.7123241450373624
4 Panel-1b 58 -0.06856904541241893 0.662117510973285
4 Panel-1b 59 0.19736955407483328 0.7192971000000158
4 Panel-1b 60 0.09345177165354354 0.7396307300055309
4 Panel-1b 61 -0.35627419354838696 0.4032767195130194
4 Panel-2b 0 0.0821313347608855 0.7414873837160942
4 Panel-2b 1 -0.04111299435028253 0.5894956416514563
4 Panel-2b 2 0.01764963503649636 0.6072074640934206
4 Panel-2b 3 -0.08771795439450951 0.7116629928106861
4 Panel-2b 4 -0.08219267480577144 0.663855402057484
5 Panel-1a 0 0.0821313347608855 0.7414873837160942
5 Panel-1a 1 -0.04111299435028253 0.5894956416514563
5 Panel-1a 2 0.01764963503649636 0.6072074640934206
5 Panel-1a 3 -0.08771795439450951 0.7116629928106861
5 Panel-1a 4 -0.08219267480577144 0.663855402057484
5 Panel-1a 5 0.19273178061607804 0.7193547672576575
5 Panel-1a 6 0.08688161693936505 0.7400031113784208
5 Panel-1a 7 -0.3614363827549946 0.4039920899335424
5 Panel-1a 8 0.020813127930341513 0.6062334963954376
5 Panel-1a 9 -0.08294417150513597 0.7110130246517311
5 Panel-1a 10 -0.07882878855610209 0.6634489716355328
5 Panel-1a 11 0.19273178061607804 0.7193547672576575
5 Panel-1a 12 0.08688161693936505 0.7400031113784208
5 Panel-1a 13 -0.3614363827549946 0.4039920899335424
5 Panel-1a 14 0.020813127930341513 0.6062334963954376
5 Panel-1a 15 -0.08294417150513597 0.7110130246517311
5 Panel-1a 16 -0.07882878855610209 0.6634489716355328
5 Panel-1a 17 0.19273178061607804 0.7193547672576575
5 Panel-1a 18 0.08688161693936505 0.7400031113784208
5 Panel-1a 19 -0.3614363827549946 0.4039920899335424
5 Panel-1a 20 0.020813127930341513 0.6062334963954376
5 Panel-1a 21 -0.08294417150513597 0.7110130246517311
5 Panel-1a 22 -0.07882878855610209 0.6634489716355328
5 Panel-1b 0 0.0821313347608855 0.7414873837160942
5 Panel-1b 1 -0.04111299435028253 0.5894956416514563
5 Panel-1b 2 0.01764963503649636 0.6072074640934206
5 Panel-1b 3 -0.08771795439450951 0.7116629928106861
5 Panel-1b 4 -0.08219267480577144 0.663855402057484
5 Panel-1b 5 0.19273178061607804 0.7193547672576575
5 Panel-1b 6 0.08688161693936505 0.7400031113784208
5 Panel-1b 7 -0.3614363827549946 0.4039920899335424
5 Panel-1b 8 0.020813127930341513 0.6062334963954376
5 Panel-1b 9 -0.08294417150513597 0.7110130246517311
5 Panel-1b 10 -0.07882878855610209 0.6634489716355328
5 Panel-1b 11 0.19273178061607804 0.7193547672576575
5 Panel-1b 12 0.08688161693936505 0.7400031113784208
5 Panel-1b 13 -0.3614363827549946 0.4039920899335424
5 Panel-1b 14 0.020813127930341513 0.6062334963954376
5 Panel-1b 15 -0.08294417150513597 0.7110130246517311
5 Panel-1b 16 -0.07882878855610209 0.6634489716355328
5 Panel-1b 17 0.19273178061607804 0.7193547672576575
5 Panel-1b 18 0.08688161693936505 0.7400031113784208
5 Panel-1b 19 -0.3614363827549946 0.4039920899335424
5 Panel-1b 20 0.020813127930341513 0.6062334963954376
5 Panel-1b 21 -0.08294417150513597 0.7110130246517311
5 Panel-1b 22 -0.07882878855610209 0.6634489716355328
5 Panel-1b 23 0.19273178061607804 0.7193547672576575
5 Panel-1b 24 0.09286663409868112 0.7394388221222287
5 Panel-1b 25 -0.3560087527352297 0.40306424757048387
5 Panel-1b 26 0.030420276497695884 0.6068756098708734
5 Panel-1b 27 -0.07696279177259091 0.7122497051453632
5 Panel-1b 28 -0.06856904541241893 0.662117510973285
5 Panel-1b 29 0.19736955407483328 0.7192971000000158
5 Panel-1b 30 0.09345177165354354 0.7396307300055309
5 Panel-1b 31 -0.35627419354838696 0.4032767195130194
5 Panel-1b 32 0.03155098265895955 0.6070474825032101
5 Panel-1b 33 -0.07641498959056232 0.7123241450373624
5 Panel-1b 34 -0.06856904541241893 0.662117510973285
5 Panel-1b 35 0.19736955407483328 0.7192971000000158
5 Panel-1b 36 0.09345177165354354 0.7396307300055309
5 Panel-1b 37 -0.35627419354838696 0.4032767195130194
5 Panel-1b 38 0.03155098265895955 0.6070474825032101
5 Panel-1b 39 -0.07641498959056232 0.7123241450373624
5 Panel-1b 40 -0.06856904541241893 0.662117510973285
5 Panel-1b 41 0.19736955407483328 0.7192971000000158
5 Panel-1b 42 0.09345177165354354 0.7396307300055309
5 Panel-1b 43 -0.35627419354838696 0.4032767195130194
5 Panel-1b 44 0.03155098265895955 0.6070474825032101
5 Panel-1b 45 -0.07641498959056232 0.7123241450373624
5 Panel-1b 46 -0.06856904541241893 0.662117510973285
5 Panel-1b 47 0.19736955407483328 0.7192971000000158
5 Panel-1b 48 0.09345177165354354 0.7396307300055309
5 Panel-1b 49 -0.35627419354838696 0.4032767195130194
5 Panel-1b 50 0.03155098265895955 0.6070474825032101
5 Panel-1b 51 -0.07641498959056232 0.7123241450373624
5 Panel-1b 52 -0.06856904541241893 0.662117510973285
5 Panel-1b 53 0.19736955407483328 0.7192971000000158
5 Panel-1b 54 0.09345177165354354 0.7396307300055309
5 Panel-1b 55 -0.35627419354838696 0.4032767195130194
5 Panel-1b 56 0.03155098265895955 0.6070474825032101
5 Panel-1b 57 -0.07641498959056232 0.7123241450373624
5 Panel-1b 58 -0.06856904541241893 0.662117510973285
5 Panel-1b 59 0.19736955407483328 0.7192971000000158
5 Panel-1b 60 0.09345177165354354 0.7396307300055309
5 Panel-1b 61 -0.35627419354838696 0.4032767195130194
5 Panel-2b 0 0.0821313347608855 0.7414873837160942
5 Panel-2b 1 -0.04111299435028253 0.5894956416514563
5 Panel-2b 2 0.01764963503649636 0.6072074640934206
5 Panel-2b 3 -0.08771795439450951 0.7116629928106861
5 Panel-2b 4 -0.08219267480577144 0.663855402057484
