0 Panel-1a 0 1405.539544387596 120.30386054979121
0 Panel-1a 1 1495.4763898007507 130.88312860104824
0 Panel-1a 2 1511.7172023893256 137.98975722356224
0 Panel-1a 3 1265.4047158528901 128.17428937729952
0 Panel-1a 4 1205.166367184352 111.35651035985725
0 Panel-1a 5 1299.9036617446397 133.8364831140513
0 Panel-1a 6 1404.4324445386978 119.80256660239425
0 Panel-1a 7 1494.399131997743 130.19493903079479
0 Panel-1a 8 1511.1538929499718 138.2250104421622
0 Panel-1a 9 1264.0672476974687 127.21651351181443
0 Panel-1a 10 1205.1003674202138 111.0492861553117
0 Panel-1a 11 1299.9036617446397 133.8364831140513
0 Panel-1a 12 1404.4324445386978 119.80256660239425
0 Panel-1a 13 1494.399131997743 130.19493903079479
0 Panel-1a 14 1511.1538929499718 138.2250104421622
0 Panel-1a 15 1264.0672476974687 127.21651351181443
0 Panel-1a 16 1205.1003674202138 111.0492861553117
0 Panel-1a 17 1299.9036617446397 133.8364831140513
0 Panel-1a 18 1404.4324445386978 119.80256660239425
0 Panel-1a 19 1494.399131997743 130.19493903079479
0 Panel-1a 20 1511.1538929499718 138.2250104421622
0 Panel-1a 21 1264.0672476974687 127.21651351181443
0 Panel-1a 22 1205.1003674202138 111.0492861553117
0 Panel-1b 0 1405.539544387596 120.30386054979121
0 Panel-1b 1 1495.4763898007507 130.88312860104824
0 Panel-1b 2 1511.7172023893256 137.98975722356224
0 Panel-1b 3 1265.4047158528901 128.17428937729952
0 Panel-1b 4 1205.166367184352 111.35651035985725
0 Panel-1b 5 1299.9036617446397 133.8364831140513
0 Panel-1b 6 1404.4324445386978 119.80256660239425
0 Panel-1b 7 1494.399131997743 130.19493903079479
0 Panel-1b 8 1511.1538929499718 138.2250104421622
0 Panel-1b 9 1264.0672476974687 127.21651351181443
0 Panel-1b 10 1205.1003674202138 111.0492861553117
0 Panel-1b 11 1299.9036617446397 133.8364831140513
0 Panel-1b 12 1404.4324445386978 119.80256660239425
0 Panel-1b 13 1494.399131997743 130.19493903079479
0 Panel-1b 14 1511.1538929499718 138.2250104421622
0 Panel-1b 15 1264.0672476974687 127.21651351181443
0 Panel-1b 16 1205.1003674202138 111.0492861553117
0 Panel-1b 17 1299.9036617446397 133.8364831140513
0 Panel-1b 18 1404.4324445386978 119.80256660239425
0 Panel-1b 19 1494.399131997743 130.19493903079479
0 Panel-1b 20 1511.1538929499718 138.2250104421622
0 Panel-1b 21 1264.0672476974687 127.21651351181443
0 Panel-1b 22 1205.1003674202138 111.0492861553117
0 Panel-1b 23 1299.9036617446397 133.8364831140513
0 Panel-1b 24 1403.7399236910312 119.3321096561147
0 Panel-1b 25 1591.281057279816 0.3993732049031973
0 Panel-1b 26 1512.563341053794 139.46629833064083
0 Panel-1b 27 1262.8149477020522 125.33393361493093
0 Panel-1b 28 1204.537259022481 110.42357461487313
0 Panel-1b 29 1298.7652703833014 133.50466885038344
0 Panel-1b 30 1404.237914744012 119.50307642913542
0 Panel-1b 31 1588.4060286208073 0.060997533345985566
0 Panel-1b 32 1513.2739210992152 139.9009994373147
0 Panel-1b 33 1262.845566872639 125.25023787966605
0 Panel-1b 34 1204.537259022481 110.42357461487313
0 Panel-1b 35 1298.7652703833014 133.50466885038344
0 Panel-1b 36 1404.237914744012 119.50307642913542
0 Panel-1b 37 1588.4060286208073 0.060997533345985566
0 Panel-1b 38 1513.2739210992152 139.9009994373147
0 Panel-1b 39 1262.845566872639 125.25023787966605
0 Panel-1b 40 1204.537259022481 110.42357461487313
0 Panel-1b 41 1298.7652703833014 133.50466885038344
0 Panel-1b 42 1404.237914744012 119.50307642913542
0 Panel-1b 43 1588.4060286208073 0.060997533345985566
0 Panel-1b 44 1513.2739210992152 139.9009994373147
0 Panel-1b 45 1262.845566872639 125.25023787966605
0 Panel-1b 46 1204.537259022481 110.42357461487313
0 Panel-1b 47 1298.7652703833014 133.50466885038344
0 Panel-1b 48 1404.237914744012 119.50307642913542
0 Panel-1b 49 1588.4060286208073 0.060997533345985566
0 Panel-1b 50 1513.2739210992152 139.9009994373147
0 Panel-1b 51 1262.845566872639 125.25023787966605
0 Panel-1b 52 1204.537259022481 110.42357461487313
0 Panel-1b 53 1298.7652703833014 133.50466885038344
0 Panel-1b 54 1404.237914744012 119.50307642913542
0 Panel-1b 55 1588.4060286208073 0.060997533345985566
0 Panel-1b 56 1513.2739210992152 139.9009994373147
0 Panel-1b 57 1262.845566872639 125.25023787966605
0 Panel-1b 58 1204.537259022481 110.42357461487313
0 Panel-1b 59 1298.7652703833014 133.50466885038344
0 Panel-1b 60 1404.237914744012 119.50307642913542
0 Panel-1b 61 1588.4060286208073 0.060997533345985566
0 Panel-2b 0 1405.539544387596 120.30386054979121
0 Panel-2b 1 1495.4763898007507 130.88312860104824
0 Panel-2b 2 1511.7172023893256 137.98975722356224
0 Panel-2b 3 1265.4047158528901 128.17428937729952
0 Panel-2b 4 1205.166367184352 111.35651035985725
1 Panel-1a 0 1405.539544387596 120.30386054979121
1 Panel-1a 1 1495.4763898007507 130.88312860104824
1 Panel-1a 2 1511.7172023893256 137.98975722356224
1 Panel-1a 3 1265.4047158528901 128.17428937729952
1 Panel-1a 4 1205.166367184352 111.35651035985725
1 Panel-1a 5 1299.9036617446397 133.8364831140513
1 Panel-1a 6 1404.4324445386978 119.80256660239425
1 Panel-1a 7 1494.399131997743 130.19493903079479
1 Panel-1a 8 1511.1538929499718 138.2250104421622
1 Panel-1a 9 1264.0672476974687 127.21651351181443
1 Panel-1a 10 1205.1003674202138 111.0492861553117
1 Panel-1a 11 1299.9036617446397 133.8364831140513
1 Panel-1a 12 1404.4324445386978 119.80256660239425
1 Panel-1a 13 1494.399131997743 130.19493903079479
1 Panel-1a 14 1511.1538929499718 138.2250104421622
1 Panel-1a 15 1264.0672476974687 127.21651351181443
1 Panel-1a 16 1205.1003674202138 111.0492861553117
1 Panel-1a 17 1299.9036617446397 133.8364831140513
1 Panel-1a 18 1404.4324445386978 119.80256660239425
1 Panel-1a 19 1494.399131997743 130.19493903079479
1 Panel-1a 20 1511.1538929499718 138.2250104421622
1 Panel-1a 21 1264.0672476974687 127.21651351181443
1 Panel-1a 22 1205.1003674202138 111.0492861553117
1 Panel-1b 0 1405.539544387596 120.30386054979121
1 Panel-1b 1 1495.4763898007507 130.88312860104824
1 Panel-1b 2 1511.7172023893256 137.98975722356224
1 Panel-1b 3 1265.4047158528901 128.17428937729952
1 Panel-1b 4 1205.166367184352 111.35651035985725
1 Panel-1b 5 1299.9036617446397 133.8364831140513
1 Panel-1b 6 1404.4324445386978 119.80256660239425
1 Panel-1b 7 1494.399131997743 130.19493903079479
1 Panel-1b 8 1511.1538929499718 138.2250104421622
1 Panel-1b 9 1264.0672476974687 127.21651351181443
1 Panel-1b 10 1205.1003674202138 111.0492861553117
1 Panel-1b 11 1299.9036617446397 133.8364831140513
1 Panel-1b 12 1404.4324445386978 119.80256660239425
1 Panel-1b 13 1494.399131997743 130.19493903079479
1 Panel-1b 14 1511.1538929499718 138.2250104421622
1 Panel-1b 15 1264.0672476974687 127.21651351181443
1 Panel-1b 16 1205.1003674202138 111.0492861553117
1 Panel-1b 17 1299.9036617446397 133.8364831140513
1 Panel-1b 18 1404.4324445386978 119.80256660239425
1 Panel-1b 19 1494.399131997743 130.19493903079479
1 Panel-1b 20 1511.1538929499718 138.2250104421622
1 Panel-1b 21 1264.0672476974687 127.21651351181443
1 Panel-1b 22 1205.1003674202138 111.0492861553117
1 Panel-1b 23 1299.9036617446397 133.8364831140513
1 Panel-1b 24 1403.7399236910312 119.3321096561147
1 Panel-1b 25 1591.281057279816 0.3993732049031973
1 Panel-1b 26 1512.563341053794 139.46629833064083
1 Panel-1b 27 1262.8149477020522 125.33393361493093
1 Panel-1b 28 1204.537259022481 110.42357461487313
1 Panel-1b 29 1298.7652703833014 133.50466885038344
1 Panel-1b 30 1404.237914744012 119.50307642913542
1 Panel-1b 31 1588.4060286208073 0.060997533345985566
1 Panel-1b 32 1513.2739210992152 139.9009994373147
1 Panel-1b 33 1262.845566872639 125.25023787966605
1 Panel-1b 34 1204.537259022481 110.42357461487313
1 Panel-1b 35 1298.7652703833014 133.50466885038344
1 Panel-1b 36 1404.237914744012 119.50307642913542
1 Panel-1b 37 1588.4060286208073 0.060997533345985566
1 Panel-1b 38 1513.2739210992152 139.9009994373147
1 Panel-1b 39 1262.845566872639 125.25023787966605
1 Panel-1b 40 1204.537259022481 110.42357461487313
1 Panel-1b 41 1298.7652703833014 133.50466885038344
1 Panel-1b 42 1404.237914744012 119.50307642913542
1 Panel-1b 43 1588.4060286208073 0.060997533345985566
1 Panel-1b 44 1513.2739210992152 139.9009994373147
1 Panel-1b 45 1262.845566872639 125.25023787966605
1 Panel-1b 46 1204.537259022481 110.42357461487313
1 Panel-1b 47 1298.7652703833014 133.50466885038344
1 Panel-1b 48 1404.237914744012 119.50307642913542
1 Panel-1b 49 1588.4060286208073 0.060997533345985566
1 Panel-1b 50 1513.2739210992152 139.9009994373147
1 Panel-1b 51 1262.845566872639 125.25023787966605
1 Panel-1b 52 1204.537259022481 110.42357461487313
1 Panel-1b 53 1298.7652703833014 133.50466885038344
1 Panel-1b 54 1404.237914744012 119.50307642913542
1 Panel-1b 55 1588.4060286208073 0.060997533345985566
1 Panel-1b 56 1513.2739210992152 139.9009994373147
1 Panel-1b 57 1262.845566872639 125.25023787966605
1 Panel-1b 58 1204.537259022481 110.42357461487313
1 Panel-1b 59 1298.7652703833014 133.50466885038344
1 Panel-1b 60 1404.237914744012 119.50307642913542
1 Panel-1b 61 1588.4060286208073 0.060997533345985566
1 Panel-2b 0 1405.539544387596 120.30386054979121
1 Panel-2b 1 1495.4763898007507 130.88312860104824
1 Panel-2b 2 1511.7172023893256 137.98975722356224
1 Panel-2b 3 1265.4047158528901 128.17428937729952
1 Panel-2b 4 1205.166367184352 111.35651035985725
2 Panel-1a 0 1405.539544387596 120.30386054979121
2 Panel-1a 1 1495.4763898007507 130.88312860104824
2 Panel-1a 2 1511.7172023893256 137.98975722356224
2 Panel-1a 3 1265.4047158528901 128.17428937729952
2 Panel-1a 4 1205.166367184352 111.35651035985725
2 Panel-1a 5 1299.9036617446397 133.8364831140513
2 Panel-1a 6 1404.4324445386978 119.80256660239425
2 Panel-1a 7 1494.399131997743 130.19493903079479
2 Panel-1a 8 1511.1538929499718 138.2250104421622
2 Panel-1a 9 1264.0672476974687 127.21651351181443
2 Panel-1a 10 1205.1003674202138 111.0492861553117
2 Panel-1a 11 1299.9036617446397 133.8364831140513
2 Panel-1a 12 1404.4324445386978 119.80256660239425
2 Panel-1a 13 1494.399131997743 130.19493903079479
2 Panel-1a 14 1511.1538929499718 138.2250104421622
2 Panel-1a 15 1264.0672476974687 127.21651351181443
2 Panel-1a 16 1205.1003674202138 111.0492861553117
2 Panel-1a 17 1299.9036617446397 133.8364831140513
2 Panel-1a 18 1404.4324445386978 119.80256660239425
2 Panel-1a 19 1494.399131997743 130.19493903079479
2 Panel-1a 20 1511.1538929499718 138.2250104421622
2 Panel-1a 21 1264.0672476974687 127.21651351181443
2 Panel-1a 22 1205.1003674202138 111.0492861553117
2 Panel-1b 0 1405.539544387596 120.30386054979121
2 Panel-1b 1 1495.4763898007507 130.88312860104824
2 Panel-1b 2 1511.7172023893256 137.98975722356224
2 Panel-1b 3 1265.4047158528901 128.17428937729952
2 Panel-1b 4 1205.166367184352 111.35651035985725
2 Panel-1b 5 1299.9036617446397 133.8364831140513
2 Panel-1b 6 1404.4324445386978 119.80256660239425
2 Panel-1b 7 1494.399131997743 130.19493903079479
2 Panel-1b 8 1511.1538929499718 138.2250104421622
2 Panel-1b 9 1264.0672476974687 127.21651351181443
2 Panel-1b 10 1205.1003674202138 111.0492861553117
2 Panel-1b 11 1299.9036617446397 133.8364831140513
2 Panel-1b 12 1404.4324445386978 119.80256660239425
2 Panel-1b 13 1494.399131997743 130.19493903079479
2 Panel-1b 14 1511.1538929499718 138.2250104421622
2 Panel-1b 15 1264.0672476974687 127.21651351181443
2 Panel-1b 16 1205.1003674202138 111.0492861553117
2 Panel-1b 17 1299.9036617446397 133.8364831140513
2 Panel-1b 18 1404.4324445386978 119.80256660239425
2 Panel-1b 19 1494.399131997743 130.19493903079479
2 Panel-1b 20 1511.1538929499718 138.2250104421622
2 Panel-1b 21 1264.0672476974687 127.21651351181443
2 Panel-1b 22 1205.1003674202138 111.0492861553117
2 Panel-1b 23 1299.9036617446397 133.8364831140513
2 Panel-1b 24 1403.7399236910312 119.3321096561147
2 Panel-1b 25 1591.281057279816 0.3993732049031973
2 Panel-1b 26 1512.563341053794 139.46629833064083
2 Panel-1b 27 1262.8149477020522 125.33393361493093
2 Panel-1b 28 1204.537259022481 110.42357461487313
2 Panel-1b 29 1298.7652703833014 133.50466885038344
2 Panel-1b 30 1404.237914744012 119.50307642913542
2 Panel-1b 31 1588.4060286208073 0.060997533345985566
2 Panel-1b 32 1513.2739210992152 139.9009994373147
2 Panel-1b 33 1262.845566872639 125.25023787966605
2 Panel-1b 34 1204.537259022481 110.42357461487313
2 Panel-1b 35 1298.7652703833014 133.50466885038344
2 Panel-1b 36 1404.237914744012 119.50307642913542
2 Panel-1b 37 1588.4060286208073 0.060997533345985566
2 Panel-1b 38 1513.2739210992152 139.9009994373147
2 Panel-1b 39 1262.845566872639 125.25023787966605
2 Panel-1b 40 1204.537259022481 110.42357461487313
2 Panel-1b 41 1298.7652703833014 133.50466885038344
2 Panel-1b 42 1404.237914744012 119.50307642913542
2 Panel-1b 43 1588.4060286208073 0.060997533345985566
2 Panel-1b 44 1513.2739210992152 139.9009994373147
2 Panel-1b 45 1262.845566872639 125.25023787966605
2 Panel-1b 46 1204.537259022481 110.42357461487313
2 Panel-1b 47 1298.7652703833014 133.50466885038344
2 Panel-1b 48 1404.237914744012 119.50307642913542
2 Panel-1b 49 1588.4060286208073 0.060997533345985566
2 Panel-1b 50 1513.2739210992152 139.9009994373147
2 Panel-1b 51 1262.845566872639 125.25023787966605
2 Panel-1b 52 1204.537259022481 110.42357461487313
2 Panel-1b 53 1298.7652703833014 133.50466885038344
2 Panel-1b 54 1404.237914744012 119.50307642913542
2 Panel-1b 55 1588.4060286208073 0.060997533345985566
2 Panel-1b 56 1513.2739210992152 139.9009994373147
2 Panel-1b 57 1262.845566872639 125.25023787966605
2 Panel-1b 58 1204.537259022481 110.42357461487313
2 Panel-1b 59 1298.7652703833014 133.50466885038344
2 Panel-1b 60 1404.237914744012 119.50307642913542
2 Panel-1b 61 1588.4060286208073 0.060997533345985566
2 Panel-2b 0 1405.539544387596 120.30386054979121
2 Panel-2b 1 1495.4763898007507 130.88312860104824
2 Panel-2b 2 1511.7172023893256 137.98975722356224
2 Panel-2b 3 1265.4047158528901 128.17428937729952
2 Panel-2b 4 1205.166367184352 111.35651035985725
3 Panel-1a 0 1405.539544387596 120.30386054979121
3 Panel-1a 1 1495.4763898007507 130.88312860104824
3 Panel-1a 2 1511.7172023893256 137.98975722356224
3 Panel-1a 3 1265.4047158528901 128.17428937729952
3 Panel-1a 4 1205.166367184352 111.35651035985725
3 Panel-1a 5 1299.9036617446397 133.8364831140513
3 Panel-1a 6 1404.4324445386978 119.80256660239425
3 Panel-1a 7 1494.399131997743 130.19493903079479
3 Panel-1a 8 1511.1538929499718 138.2250104421622
3 Panel-1a 9 1264.0672476974687 127.21651351181443
3 Panel-1a 10 1205.1003674202138 111.0492861553117
3 Panel-1a 11 1299.9036617446397 133.8364831140513
3 Panel-1a 12 1404.4324445386978 119.80256660239425
3 Panel-1a 13 1494.399131997743 130.19493903079479
3 Panel-1a 14 1511.1538929499718 138.2250104421622
3 Panel-1a 15 1264.0672476974687 127.21651351181443
3 Panel-1a 16 1205.1003674202138 111.0492861553117
3 Panel-1a 17 1299.9036617446397 133.8364831140513
3 Panel-1a 18 1404.4324445386978 119.80256660239425
3 Panel-1a 19 1494.399131997743 130.19493903079479
3 Panel-1a 20 1511.1538929499718 138.2250104421622
3 Panel-1a 21 1264.0672476974687 127.21651351181443
3 Panel-1a 22 1205.1003674202138 111.0492861553117
3 Panel-1b 0 1405.539544387596 120.30386054979121
3 Panel-1b 1 1495.4763898007507 130.88312860104824
3 Panel-1b 2 1511.7172023893256 137.98975722356224
3 Panel-1b 3 1265.4047158528901 128.17428937729952
3 Panel-1b 4 1205.166367184352 111.35651035985725
3 Panel-1b 5 1299.9036617446397 133.8364831140513
3 Panel-1b 6 1404.4324445386978 119.80256660239425
3 Panel-1b 7 1494.399131997743 130.19493903079479
3 Panel-1b 8 1511.1538929499718 138.2250104421622
3 Panel-1b 9 1264.0672476974687 127.21651351181443
3 Panel-1b 10 1205.1003674202138 111.0492861553117
3 Panel-1b 11 1299.9036617446397 133.8364831140513
3 Panel-1b 12 1404.4324445386978 119.80256660239425
3 Panel-1b 13 1494.399131997743 130.19493903079479
3 Panel-1b 14 1511.1538929499718 138.2250104421622
3 Panel-1b 15 1264.0672476974687 127.21651351181443
3 Panel-1b 16 1205.1003674202138 111.0492861553117
3 Panel-1b 17 1299.9036617446397 133.8364831140513
3 Panel-1b 18 1404.4324445386978 119.80256660239425
3 Panel-1b 19 1494.399131997743 130.19493903079479
3 Panel-1b 20 1511.1538929499718 138.2250104421622
3 Panel-1b 21 1264.0672476974687 127.21651351181443
3 Panel-1b 22 1205.1003674202138 111.0492861553117
3 Panel-1b 23 1299.9036617446397 133.8364831140513
3 Panel-1b 24 1403.7399236910312 119.3321096561147
3 Panel-1b 25 1591.281057279816 0.3993732049031973
3 Panel-1b 26 1512.563341053794 139.46629833064083
3 Panel-1b 27 1262.8149477020522 125.33393361493093
3 Panel-1b 28 1204.537259022481 110.42357461487313
3 Panel-1b 29 1298.7652703833014 133.50466885038344
3 Panel-1b 30 1404.237914744012 119.50307642913542
3 Panel-1b 31 1588.4060286208073 0.060997533345985566
3 Panel-1b 32 1513.2739210992152 139.9009994373147
3 Panel-1b 33 1262.845566872639 125.25023787966605
3 Panel-1b 34 1204.537259022481 110.42357461487313
3 Panel-1b 35 1298.7652703833014 133.50466885038344
3 Panel-1b 36 1404.237914744012 119.50307642913542
3 Panel-1b 37 1588.4060286208073 0.060997533345985566
3 Panel-1b 38 1513.2739210992152 139.9009994373147
3 Panel-1b 39 1262.845566872639 125.25023787966605
3 Panel-1b 40 1204.537259022481 110.42357461487313
3 Panel-1b 41 1298.7652703833014 133.50466885038344
3 Panel-1b 42 1404.237914744012 119.50307642913542
3 Panel-1b 43 1588.4060286208073 0.060997533345985566
3 Panel-1b 44 1513.2739210992152 139.9009994373147
3 Panel-1b 45 1262.845566872639 125.25023787966605
3 Panel-1b 46 1204.537259022481 110.42357461487313
3 Panel-1b 47 1298.7652703833014 133.50466885038344
3 Panel-1b 48 1404.237914744012 119.50307642913542
3 Panel-1b 49 1588.4060286208073 0.060997533345985566
3 Panel-1b 50 1513.2739210992152 139.9009994373147
3 Panel-1b 51 1262.845566872639 125.25023787966605
3 Panel-1b 52 1204.537259022481 110.42357461487313
3 Panel-1b 53 1298.7652703833014 133.50466885038344
3 Panel-1b 54 1404.237914744012 119.50307642913542
3 Panel-1b 55 1588.4060286208073 0.060997533345985566
3 Panel-1b 56 1513.2739210992152 139.9009994373147
3 Panel-1b 57 1262.845566872639 125.25023787966605
3 Panel-1b 58 1204.537259022481 110.42357461487313
3 Panel-1b 59 1298.7652703833014 133.50466885038344
3 Panel-1b 60 1404.237914744012 119.50307642913542
3 Panel-1b 61 1588.4060286208073 0.060997533345985566
3 Panel-2b 0 1405.539544387596 120.30386054979121
3 Panel-2b 1 1495.4763898007507 130.88312860104824
3 Panel-2b 2 1511.7172023893256 137.98975722356224
3 Panel-2b 3 1265.4047158528901 128.17428937729952
3 Panel-2b 4 1205.166367184352 111.35651035985725
4 Panel-1a 0 1405.539544387596 120.30386054979121
4 Panel-1a 1 1495.4763898007507 130.88312860104824
4 Panel-1a 2 1511.7172023893256 137.98975722356224
4 Panel-1a 3 1265.4047158528901 128.17428937729952
4 Panel-1a 4 1205.166367184352 111.35651035985725
4 Panel-1a 5 1299.9036617446397 133.8364831140513
4 Panel-1a 6 1404.4324445386978 119.80256660239425
4 Panel-1a 7 1494.399131997743 130.19493903079479
4 Panel-1a 8 1511.1538929499718 138.2250104421622
4 Panel-1a 9 1264.0672476974687 127.21651351181443
4 Panel-1a 10 1205.1003674202138 111.0492861553117
4 Panel-1a 11 1299.9036617446397 133.8364831140513
4 Panel-1a 12 1404.4324445386978 119.80256660239425
4 Panel-1a 13 1494.399131997743 130.19493903079479
4 Panel-1a 14 1511.1538929499718 138.2250104421622
4 Panel-1a 15 1264.0672476974687 127.21651351181443
4 Panel-1a 16 1205.1003674202138 111.0492861553117
4 Panel-1a 17 1299.9036617446397 133.8364831140513
4 Panel-1a 18 1404.4324445386978 119.80256660239425
4 Panel-1a 19 1494.399131997743 130.19493903079479
4 Panel-1a 20 1511.1538929499718 138.2250104421622
4 Panel-1a 21 1264.0672476974687 127.21651351181443
4 Panel-1a 22 1205.1003674202138 111.0492861553117
4 Panel-1b 0 1405.539544387596 120.30386054979121
4 Panel-1b 1 1495.4763898007507 130.88312860104824
4 Panel-1b 2 1511.7172023893256 137.98975722356224
4 Panel-1b 3 1265.4047158528901 128.17428937729952
4 Panel-1b 4 1205.166367184352 111.35651035985725
4 Panel-1b 5 1299.9036617446397 133.8364831140513
4 Panel-1b 6 1404.4324445386978 119.80256660239425
4 Panel-1b 7 1494.399131997743 130.19493903079479
4 Panel-1b 8 1511.1538929499718 138.2250104421622
4 Panel-1b 9 1264.0672476974687 127.21651351181443
4 Panel-1b 10 1205.1003674202138 111.0492861553117
4 Panel-1b 11 1299.9036617446397 133.8364831140513
4 Panel-1b 12 1404.4324445386978 119.80256660239425
4 Panel-1b 13 1494.399131997743 130.19493903079479
4 Panel-1b 14 1511.1538929499718 138.2250104421622
4 Panel-1b 15 1264.0672476974687 127.21651351181443
4 Panel-1b 16 1205.1003674202138 111.0492861553117
4 Panel-1b 17 1299.9036617446397 133.8364831140513
4 Panel-1b 18 1404.4324445386978 119.80256660239425
4 Panel-1b 19 1494.399131997743 130.19493903079479
4 Panel-1b 20 1511.1538929499718 138.2250104421622
4 Panel-1b 21 1264.0672476974687 127.21651351181443
4 Panel-1b 22 1205.1003674202138 111.0492861553117
4 Panel-1b 23 1299.9036617446397 133.8364831140513
4 Panel-1b 24 1403.7399236910312 119.3321096561147
4 Panel-1b 25 1591.281057279816 0.3993732049031973
4 Panel-1b 26 1512.563341053794 139.46629833064083
4 Panel-1b 27 1262.8149477020522 125.33393361493093
4 Panel-1b 28 1204.537259022481 110.42357461487313
4 Panel-1b 29 1298.7652703833014 133.50466885038344
4 Panel-1b 30 1404.237914744012 119.50307642913542
4 Panel-1b 31 1588.4060286208073 0.060997533345985566
4 Panel-1b 32 1513.2739210992152 139.9009994373147
4 Panel-1b 33 1262.845566872639 125.25023787966605
4 Panel-1b 34 1204.537259022481 110.42357461487313
4 Panel-1b 35 1298.7652703833014 133.50466885038344
4 Panel-1b 36 1404.237914744012 119.50307642913542
4 Panel-1b 37 1588.4060286208073 0.060997533345985566
4 Panel-1b 38 1513.2739210992152 139.9009994373147
4 Panel-1b 39 1262.845566872639 125.25023787966605
4 Panel-1b 40 1204.537259022481 110.42357461487313
4 Panel-1b 41 1298.7652703833014 133.50466885038344
4 Panel-1b 42 1404.237914744012 119.50307642913542
4 Panel-1b 43 1588.4060286208073 0.060997533345985566
4 Panel-1b 44 1513.2739210992152 139.9009994373147
4 Panel-1b 45 1262.845566872639 125.25023787966605
4 Panel-1b 46 1204.537259022481 110.42357461487313
4 Panel-1b 47 1298.7652703833014 133.50466885038344
4 Panel-1b 48 1404.237914744012 119.50307642913542
4 Panel-1b 49 1588.4060286208073 0.060997533345985566
4 Panel-1b 50 1513.2739210992152 139.9009994373147
4 Panel-1b 51 1262.845566872639 125.25023787966605
4 Panel-1b 52 1204.537259022481 110.42357461487313
4 Panel-1b 53 1298.7652703833014 133.50466885038344
4 Panel-1b 54 1404.237914744012 119.50307642913542
4 Panel-1b 55 1588.4060286208073 0.060997533345985566
4 Panel-1b 56 1513.2739210992152 139.9009994373147
4 Panel-1b 57 1262.845566872639 125.25023787966605
4 Panel-1b 58 1204.537259022481 110.42357461487313
4 Panel-1b 59 1298.7652703833014 133.50466885038344
4 Panel-1b 60 1404.237914744012 119.50307642913542
4 Panel-1b 61 1588.4060286208073 0.060997533345985566
4 Panel-2b 0 1405.539544387596 120.30386054979121
4 Panel-2b 1 1495.4763898007507 130.88312860104824
4 Panel-2b 2 1511.7172023893256 137.98975722356224
4 Panel-2b 3 1265.4047158528901 128.17428937729952
4 Panel-2b 4 1205.166367184352 111.35651035985725
5 Panel-1a 0 1405.539544387596 120.30386054979121
5 Panel-1a 1 1495.4763898007507 130.88312860104824
5 Panel-1a 2 1511.7172023893256 137.98975722356224
5 Panel-1a 3 1265.4047158528901 128.17428937729952
5 Panel-1a 4 1205.166367184352 111.35651035985725
5 Panel-1a 5 1299.9036617446397 133.8364831140513
5 Panel-1a 6 1404.4324445386978 119.80256660239425
5 Panel-1a 7 1494.399131997743 130.19493903079479
5 Panel-1a 8 1511.1538929499718 138.2250104421622
5 Panel-1a 9 1264.0672476974687 127.21651351181443
5 Panel-1a 10 1205.1003674202138 111.0492861553117
5 Panel-1a 11 1299.9036617446397 133.8364831140513
5 Panel-1a 12 1404.4324445386978 119.80256660239425
5 Panel-1a 13 1494.399131997743 130.19493903079479
5 Panel-1a 14 1511.1538929499718 138.2250104421622
5 Panel-1a 15 1264.0672476974687 127.21651351181443
5 Panel-1a 16 1205.1003674202138 111.0492861553117
5 Panel-1a 17 1299.9036617446397 133.8364831140513
5 Panel-1a 18 1404.4324445386978 119.80256660239425
5 Panel-1a 19 1494.399131997743 130.19493903079479
5 Panel-1a 20 1511.1538929499718 138.2250104421622
5 Panel-1a 21 1264.0672476974687 127.21651351181443
5 Panel-1a 22 1205.1003674202138 111.0492861553117
5 Panel-1b 0 1405.539544387596 120.30386054979121
5 Panel-1b 1 1495.4763898007507 130.88312860104824
5 Panel-1b 2 1511.7172023893256 137.98975722356224
5 Panel-1b 3 1265.4047158528901 128.17428937729952
5 Panel-1b 4 1205.166367184352 111.35651035985725
5 Panel-1b 5 1299.9036617446397 133.8364831140513
5 Panel-1b 6 1404.4324445386978 119.80256660239425
5 Panel-1b 7 1494.399131997743 130.19493903079479
5 Panel-1b 8 1511.1538929499718 138.2250104421622
5 Panel-1b 9 1264.0672476974687 127.21651351181443
5 Panel-1b 10 1205.1003674202138 111.0492861553117
5 Panel-1b 11 1299.9036617446397 133.8364831140513
5 Panel-1b 12 1404.4324445386978 119.80256660239425
5 Panel-1b 13 1494.399131997743 130.19493903079479
5 Panel-1b 14 1511.1538929499718 138.2250104421622
5 Panel-1b 15 1264.0672476974687 127.21651351181443
5 Panel-1b 16 1205.1003674202138 111.0492861553117
5 Panel-1b 17 1299.9036617446397 133.8364831140513
5 Panel-1b 18 1404.4324445386978 119.80256660239425
5 Panel-1b 19 1494.399131997743 130.19493903079479
5 Panel-1b 20 1511.1538929499718 138.2250104421622
5 Panel-1b 21 1264.0672476974687 127.21651351181443
5 Panel-1b 22 1205.1003674202138 111.0492861553117
5 Panel-1b 23 1299.9036617446397 133.8364831140513
5 Panel-1b 24 1403.7399236910312 119.3321096561147
5 Panel-1b 25 1591.281057279816 0.3993732049031973
5 Panel-1b 26 1512.563341053794 139.46629833064083
5 Panel-1b 27 1262.8149477020522 125.33393361493093
5 Panel-1b 28 1204.537259022481 110.42357461487313
5 Panel-1b 29 1298.7652703833014 133.50466885038344
5 Panel-1b 30 1404.237914744012 119.50307642913542
5 Panel-1b 31 1588.4060286208073 0.060997533345985566
5 Panel-1b 32 1513.2739210992152 139.9009994373147
5 Panel-1b 33 1262.845566872639 125.25023787966605
5 Panel-1b 34 1204.537259022481 110.42357461487313
5 Panel-1b 35 1298.7652703833014 133.50466885038344
5 Panel-1b 36 1404.237914744012 119.50307642913542
5 Panel-1b 37 1588.4060286208073 0.060997533345985566
5 Panel-1b 38 1513.2739210992152 139.9009994373147
5 Panel-1b 39 1262.845566872639 125.25023787966605
5 Panel-1b 40 1204.537259022481 110.42357461487313
5 Panel-1b 41 1298.7652703833014 133.50466885038344
5 Panel-1b 42 1404.237914744012 119.50307642913542
5 Panel-1b 43 1588.4060286208073 0.060997533345985566
5 Panel-1b 44 1513.2739210992152 139.9009994373147
5 Panel-1b 45 1262.845566872639 125.25023787966605
5 Panel-1b 46 1204.537259022481 110.42357461487313
5 Panel-1b 47 1298.7652703833014 133.50466885038344
5 Panel-1b 48 1404.237914744012 119.50307642913542
5 Panel-1b 49 1588.4060286208073 0.060997533345985566
5 Panel-1b 50 1513.2739210992152 139.9009994373147
5 Panel-1b 51 1262.845566872639 125.25023787966605
5 Panel-1b 52 1204.537259022481 110.42357461487313
5 Panel-1b 53 1298.7652703833014 133.50466885038344
5 Panel-1b 54 1404.237914744012 119.50307642913542
5 Panel-1b 55 1588.4060286208073 0.060997533345985566
5 Panel-1b 56 1513.2739210992152 139.9009994373147
5 Panel-1b 57 1262.845566872639 125.25023787966605
5 Panel-1b 58 1204.537259022481 110.42357461487313
5 Panel-1b 59 1298.7652703833014 133.50466885038344
5 Panel-1b 60 1404.237914744012 119.50307642913542
5 Panel-1b 61 1588.4060286208073 0.060997533345985566
5 Panel-2b 0 1405.539544387596 120.30386054979121
5 Panel-2b 1 1495.4763898007507 130.88312860104824
5 Panel-2b 2 1511.7172023893256 137.98975722356224
5 Panel-2b 3 1265.4047158528901 128.17428937729952
5 Panel-2b 4 1205.166367184352 111.35651035985725
