    1.500000     0.000000     0.000000
    4.500000    10.000000     3.162278
    7.500000    15.000000     3.872983
   10.500000    32.000000     5.656854
   13.500000    32.000000     5.656854
   16.500000    47.000000     6.855655
   19.500000    33.000000     5.744563
   22.500000    47.000000     6.855655
   25.500000    62.000000     7.874008
   28.500000    42.000000     6.480741
   31.500000    48.000000     6.928203
   34.500000    43.000000     6.557439
   37.500000    55.000000     7.416198
   40.500000    56.000000     7.483315
   43.500000    69.000000     8.306624
   46.500000    53.000000     7.280110
   49.500000    62.000000     7.874008
   52.500000    67.000000     8.185353
   55.500000    63.000000     7.937254
   58.500000    56.000000     7.483315
   61.500000    47.000000     6.855655
   64.500000    64.000000     8.000000
   67.500000    51.000000     7.141428
   70.500000    45.000000     6.708204
   73.500000    64.000000     8.000000
   76.500000    73.000000     8.544004
   79.500000    66.000000     8.124038
   82.500000    79.000000     8.888194
   85.500000    62.000000     7.874008
   88.500000    74.000000     8.602325
   91.500000    80.000000     8.944272
   94.500000    65.000000     8.062258
   97.500000    63.000000     7.937254
  100.500000    87.000000     9.327379
  103.500000    76.000000     8.717798
  106.500000    70.000000     8.366600
  109.500000    69.000000     8.306624
  112.500000    77.000000     8.774964
  115.500000    71.000000     8.426150
  118.500000    74.000000     8.602325
  121.500000    73.000000     8.544004
  124.500000    82.000000     9.055385
  127.500000    78.000000     8.831761
  130.500000    66.000000     8.124038
  133.500000    83.000000     9.110434
  136.500000    86.000000     9.273618
  139.500000    69.000000     8.306624
  142.500000    65.000000     8.062258
  145.500000    79.000000     8.888194
  148.500000    60.000000     7.745967
  151.500000    79.000000     8.888194
  154.500000    85.000000     9.219544
  157.500000    75.000000     8.660254
  160.500000    87.000000     9.327379
  163.500000    71.000000     8.426150
  166.500000    72.000000     8.485281
  169.500000    77.000000     8.774964
  172.500000    71.000000     8.426150
  175.500000    69.000000     8.306624
  178.500000    83.000000     9.110434
  181.500000    60.000000     7.745967
  184.500000    72.000000     8.485281
  187.500000    78.000000     8.831761
  190.500000    62.000000     7.874008
  193.500000    81.000000     9.000000
  196.500000    72.000000     8.485281
  199.500000    69.000000     8.306624
  202.500000    76.000000     8.717798
  205.500000    69.000000     8.306624
  208.500000    78.000000     8.831761
  211.500000    84.000000     9.165151
  214.500000    72.000000     8.485281
  217.500000    73.000000     8.544004
  220.500000    69.000000     8.306624
  223.500000    65.000000     8.062258
  226.500000    64.000000     8.000000
  229.500000    75.000000     8.660254
  232.500000    70.000000     8.366600
  235.500000    79.000000     8.888194
  238.500000    70.000000     8.366600
  241.500000    71.000000     8.426150
  244.500000    76.000000     8.717798
  247.500000    83.000000     9.110434
  250.500000    87.000000     9.327379
  253.500000    88.000000     9.380832
  256.500000    64.000000     8.000000
  259.500000    75.000000     8.660254
  262.500000    74.000000     8.602325
  265.500000    70.000000     8.366600
  268.500000    65.000000     8.062258
  271.500000    89.000000     9.433981
  274.500000    67.000000     8.185353
  277.500000    84.000000     9.165151
  280.500000    65.000000     8.062258
  283.500000    63.000000     7.937254
  286.500000    64.000000     8.000000
  289.500000    81.000000     9.000000
  292.500000    85.000000     9.219544
  295.500000    76.000000     8.717798
  298.500000    67.000000     8.185353
  301.500000    69.000000     8.306624
  304.500000    84.000000     9.165151
  307.500000    82.000000     9.055385
  310.500000    80.000000     8.944272
  313.500000    67.000000     8.185353
  316.500000    74.000000     8.602325
  319.500000    64.000000     8.000000
  322.500000    82.000000     9.055385
  325.500000    70.000000     8.366600
  328.500000    64.000000     8.000000
  331.500000    69.000000     8.306624
  334.500000    89.000000     9.433981
  337.500000    73.000000     8.544004
  340.500000    69.000000     8.306624
  343.500000    74.000000     8.602325
  346.500000    74.000000     8.602325
  349.500000    81.000000     9.000000
  352.500000    58.000000     7.615773
  355.500000    76.000000     8.717798
  358.500000    58.000000     7.615773
  361.500000    80.000000     8.944272
  364.500000    61.000000     7.810250
  367.500000    71.000000     8.426150
  370.500000    52.000000     7.211103
  373.500000    84.000000     9.165151
  376.500000    70.000000     8.366600
  379.500000    66.000000     8.124038
  382.500000    64.000000     8.000000
  385.500000    56.000000     7.483315
  388.500000    80.000000     8.944272
  391.500000    60.000000     7.745967
  394.500000    84.000000     9.165151
  397.500000    70.000000     8.366600
  400.500000    74.000000     8.602325
  403.500000    66.000000     8.124038
  406.500000    65.000000     8.062258
  409.500000    72.000000     8.485281
  412.500000    70.000000     8.366600
  415.500000    80.000000     8.944272
  418.500000    90.000000     9.486833
  421.500000    65.000000     8.062258
  424.500000    57.000000     7.549834
  427.500000    74.000000     8.602325
  430.500000    76.000000     8.717798
  433.500000    67.000000     8.185353
  436.500000    70.000000     8.366600
  439.500000    80.000000     8.944272
  442.500000    58.000000     7.615773
  445.500000    61.000000     7.810250
  448.500000    63.000000     7.937254
  451.500000    68.000000     8.246211
  454.500000    65.000000     8.062258
  457.500000    61.000000     7.810250
  460.500000    78.000000     8.831761
  463.500000    75.000000     8.660254
  466.500000    69.000000     8.306624
  469.500000    65.000000     8.062258
  472.500000    62.000000     7.874008
  475.500000    66.000000     8.124038
  478.500000    70.000000     8.366600
  481.500000    70.000000     8.366600
  484.500000    48.000000     6.928203
  487.500000    51.000000     7.141428
  490.500000    63.000000     7.937254
  493.500000    70.000000     8.366600
  496.500000    62.000000     7.874008
  499.500000    70.000000     8.366600
  502.500000    69.000000     8.306624
  505.500000    69.000000     8.306624
  508.500000    69.000000     8.306624
  511.500000    70.000000     8.366600
  514.500000    75.000000     8.660254
  517.500000    76.000000     8.717798
  520.500000    70.000000     8.366600
  523.500000    57.000000     7.549834
  526.500000    66.000000     8.124038
  529.500000    75.000000     8.660254
  532.500000    81.000000     9.000000
  535.500000    67.000000     8.185353
  538.500000    62.000000     7.874008
  541.500000    62.000000     7.874008
  544.500000    75.000000     8.660254
  547.500000    75.000000     8.660254
  550.500000    71.000000     8.426150
  553.500000    67.000000     8.185353
  556.500000    63.000000     7.937254
  559.500000    84.000000     9.165151
  562.500000    80.000000     8.944272
  565.500000    71.000000     8.426150
  568.500000    64.000000     8.000000
  571.500000    65.000000     8.062258
  574.500000    87.000000     9.327379
  577.500000    57.000000     7.549834
  580.500000    77.000000     8.774964
  583.500000    61.000000     7.810250
  586.500000    84.000000     9.165151
  589.500000    68.000000     8.246211
  592.500000    69.000000     8.306624
  595.500000    69.000000     8.306624
  598.500000    67.000000     8.185353
  601.500000    72.000000     8.485281
  604.500000    71.000000     8.426150
  607.500000    77.000000     8.774964
  610.500000    63.000000     7.937254
  613.500000    71.000000     8.426150
  616.500000    67.000000     8.185353
  619.500000    65.000000     8.062258
  622.500000    58.000000     7.615773
  625.500000    68.000000     8.246211
  628.500000    74.000000     8.602325
  631.500000    70.000000     8.366600
  634.500000    64.000000     8.000000
  637.500000    56.000000     7.483315
  640.500000    59.000000     7.681146
  643.500000    67.000000     8.185353
  646.500000    54.000000     7.348469
  649.500000    64.000000     8.000000
  652.500000    69.000000     8.306624
  655.500000    59.000000     7.681146
  658.500000    55.000000     7.416198
  661.500000    64.000000     8.000000
  664.500000    61.000000     7.810250
  667.500000    74.000000     8.602325
  670.500000    72.000000     8.485281
  673.500000    64.000000     8.000000
  676.500000    73.000000     8.544004
  679.500000    80.000000     8.944272
  682.500000    44.000000     6.633250
  685.500000    59.000000     7.681146
  688.500000    60.000000     7.745967
  691.500000    90.000000     9.486833
  694.500000    66.000000     8.124038
  697.500000    67.000000     8.185353
  700.500000    58.000000     7.615773
  703.500000    81.000000     9.000000
  706.500000    56.000000     7.483315
  709.500000    82.000000     9.055385
  712.500000    67.000000     8.185353
  715.500000    65.000000     8.062258
  718.500000    64.000000     8.000000
  721.500000    67.000000     8.185353
  724.500000    43.000000     6.557439
  727.500000    59.000000     7.681146
  730.500000    51.000000     7.141428
  733.500000    76.000000     8.717798
  736.500000    78.000000     8.831761
  739.500000    80.000000     8.944272
  742.500000    66.000000     8.124038
  745.500000    56.000000     7.483315
  748.500000    74.000000     8.602325
  751.500000    62.000000     7.874008
  754.500000    71.000000     8.426150
  757.500000    77.000000     8.774964
  760.500000    64.000000     8.000000
  763.500000    65.000000     8.062258
  766.500000    60.000000     7.745967
  769.500000    66.000000     8.124038
  772.500000    58.000000     7.615773
  775.500000    68.000000     8.246211
  778.500000    70.000000     8.366600
  781.500000    80.000000     8.944272
  784.500000    78.000000     8.831761
  787.500000    56.000000     7.483315
  790.500000    65.000000     8.062258
  793.500000    61.000000     7.810250
  796.500000    65.000000     8.062258
  799.500000    66.000000     8.124038
  802.500000    82.000000     9.055385
  805.500000    72.000000     8.485281
  808.500000    70.000000     8.366600
  811.500000    67.000000     8.185353
  814.500000    55.000000     7.416198
  817.500000    62.000000     7.874008
  820.500000    71.000000     8.426150
  823.500000    67.000000     8.185353
  826.500000    65.000000     8.062258
  829.500000    61.000000     7.810250
  832.500000    63.000000     7.937254
  835.500000    60.000000     7.745967
  838.500000    63.000000     7.937254
  841.500000    66.000000     8.124038
  844.500000    68.000000     8.246211
  847.500000    51.000000     7.141428
  850.500000    75.000000     8.660254
  853.500000    73.000000     8.544004
  856.500000    60.000000     7.745967
  859.500000    54.000000     7.348469
  862.500000    43.000000     6.557439
  865.500000    63.000000     7.937254
  868.500000    80.000000     8.944272
  871.500000    52.000000     7.211103
  874.500000    51.000000     7.141428
  877.500000    86.000000     9.273618
  880.500000    69.000000     8.306624
  883.500000    68.000000     8.246211
  886.500000    64.000000     8.000000
  889.500000    51.000000     7.141428
  892.500000    54.000000     7.348469
  895.500000    60.000000     7.745967
  898.500000    71.000000     8.426150
  901.500000    59.000000     7.681146
  904.500000    64.000000     8.000000
  907.500000    64.000000     8.000000
  910.500000    63.000000     7.937254
  913.500000    58.000000     7.615773
  916.500000    64.000000     8.000000
  919.500000    59.000000     7.681146
  922.500000    58.000000     7.615773
  925.500000    74.000000     8.602325
  928.500000    71.000000     8.426150
  931.500000    74.000000     8.602325
  934.500000    73.000000     8.544004
  937.500000    69.000000     8.306624
  940.500000    61.000000     7.810250
  943.500000    77.000000     8.774964
  946.500000    76.000000     8.717798
  949.500000    66.000000     8.124038
  952.500000    67.000000     8.185353
  955.500000    71.000000     8.426150
  958.500000    50.000000     7.071068
  961.500000    65.000000     8.062258
  964.500000    72.000000     8.485281
  967.500000    55.000000     7.416198
  970.500000    60.000000     7.745967
  973.500000    73.000000     8.544004
  976.500000    59.000000     7.681146
  979.500000    71.000000     8.426150
  982.500000    67.000000     8.185353
  985.500000    66.000000     8.124038
  988.500000    66.000000     8.124038
  991.500000    64.000000     8.000000
  994.500000    78.000000     8.831761
  997.500000    65.000000     8.062258
 1000.500000    73.000000     8.544004
 1003.500000    64.000000     8.000000
 1006.500000    69.000000     8.306624
 1009.500000    64.000000     8.000000
 1012.500000    81.000000     9.000000
 1015.500000    69.000000     8.306624
 1018.500000    81.000000     9.000000
 1021.500000    51.000000     7.141428
 1024.500000    69.000000     8.306624
 1027.500000    69.000000     8.306624
 1030.500000    70.000000     8.366600
 1033.500000    85.000000     9.219544
 1036.500000    91.000000     9.539392
 1039.500000    73.000000     8.544004
 1042.500000    68.000000     8.246211
 1045.500000    69.000000     8.306624
 1048.500000    68.000000     8.246211
 1051.500000    75.000000     8.660254
 1054.500000    58.000000     7.615773
 1057.500000    63.000000     7.937254
 1060.500000    75.000000     8.660254
 1063.500000    63.000000     7.937254
 1066.500000    82.000000     9.055385
 1069.500000    80.000000     8.944272
 1072.500000    71.000000     8.426150
 1075.500000    85.000000     9.219544
 1078.500000    75.000000     8.660254
 1081.500000    75.000000     8.660254
 1084.500000    70.000000     8.366600
 1087.500000    82.000000     9.055385
 1090.500000    54.000000     7.348469
 1093.500000    74.000000     8.602325
 1096.500000    74.000000     8.602325
 1099.500000    80.000000     8.944272
 1102.500000    84.000000     9.165151
 1105.500000    80.000000     8.944272
 1108.500000    74.000000     8.602325
 1111.500000    77.000000     8.774964
 1114.500000    78.000000     8.831761
 1117.500000    78.000000     8.831761
 1120.500000    89.000000     9.433981
 1123.500000    81.000000     9.000000
 1126.500000    89.000000     9.433981
 1129.500000    91.000000     9.539392
 1132.500000    92.000000     9.591663
 1135.500000    99.000000     9.949874
 1138.500000   101.000000    10.049876
 1141.500000   109.000000    10.440307
 1144.500000   106.000000    10.295630
 1147.500000   142.000000    11.916375
 1150.500000   141.000000    11.874342
 1153.500000   160.000000    12.649111
 1156.500000   134.000000    11.575837
 1159.500000   130.000000    11.401754
 1162.500000   144.000000    12.000000
 1165.500000   150.000000    12.247449
 1168.500000   156.000000    12.489996
 1171.500000   196.000000    14.000000
 1174.500000   165.000000    12.845233
 1177.500000   206.000000    14.352700
 1180.500000   221.000000    14.866069
 1183.500000   214.000000    14.628739
 1186.500000   235.000000    15.329710
 1189.500000   221.000000    14.866069
 1192.500000   250.000000    15.811388
 1195.500000   259.000000    16.093477
 1198.500000   241.000000    15.524175
 1201.500000   279.000000    16.703293
 1204.500000   286.000000    16.911535
 1207.500000   291.000000    17.058722
 1210.500000   353.000000    18.788294
 1213.500000   352.000000    18.761663
 1216.500000   339.000000    18.411953
 1219.500000   377.000000    19.416488
 1222.500000   337.000000    18.357560
 1225.500000   397.000000    19.924859
 1228.500000   381.000000    19.519221
 1231.500000   413.000000    20.322401
 1234.500000   413.000000    20.322401
 1237.500000   418.000000    20.445048
 1240.500000   472.000000    21.725561
 1243.500000   444.000000    21.071308
 1246.500000   452.000000    21.260292
 1249.500000   515.000000    22.693611
 1252.500000   508.000000    22.538855
 1255.500000   498.000000    22.315914
 1258.500000   548.000000    23.409400
 1261.500000   543.000000    23.302360
 1264.500000   548.000000    23.409400
 1267.500000   556.000000    23.579652
 1270.500000   587.000000    24.228083
 1273.500000   579.000000    24.062419
 1276.500000   619.000000    24.879711
 1279.500000   621.000000    24.919872
 1282.500000   611.000000    24.718414
 1285.500000   667.000000    25.826343
 1288.500000   637.000000    25.238859
 1291.500000   639.000000    25.278449
 1294.500000   669.000000    25.865034
 1297.500000   687.000000    26.210685
 1300.500000   718.000000    26.795522
 1303.500000   763.000000    27.622455
 1306.500000   651.000000    25.514702
 1309.500000   756.000000    27.495454
 1312.500000   745.000000    27.294688
 1315.500000   748.000000    27.349589
 1318.500000   718.000000    26.795522
 1321.500000   718.000000    26.795522
 1324.500000   787.000000    28.053520
 1327.500000   772.000000    27.784888
 1330.500000   770.000000    27.748874
 1333.500000   831.000000    28.827071
 1336.500000   821.000000    28.653098
 1339.500000   844.000000    29.051678
 1342.500000   764.000000    27.640550
 1345.500000   827.000000    28.757608
 1348.500000   756.000000    27.495454
 1351.500000   785.000000    28.017851
 1354.500000   802.000000    28.319605
 1357.500000   833.000000    28.861739
 1360.500000   821.000000    28.653098
 1363.500000   850.000000    29.154759
 1366.500000   808.000000    28.425341
 1369.500000   815.000000    28.548205
 1372.500000   847.000000    29.103264
 1375.500000   839.000000    28.965497
 1378.500000   873.000000    29.546573
 1381.500000   821.000000    28.653098
 1384.500000   815.000000    28.548205
 1387.500000   812.000000    28.495614
 1390.500000   852.000000    29.189039
 1393.500000   822.000000    28.670542
 1396.500000   847.000000    29.103264
 1399.500000   829.000000    28.792360
 1402.500000   846.000000    29.086079
 1405.500000   924.000000    30.397368
 1408.500000   865.000000    29.410882
 1411.500000   819.000000    28.618176
 1414.500000   827.000000    28.757608
 1417.500000   796.000000    28.213472
 1420.500000   860.000000    29.325757
 1423.500000   784.000000    28.000000
 1426.500000   839.000000    28.965497
 1429.500000   826.000000    28.740216
 1432.500000   877.000000    29.614186
 1435.500000   812.000000    28.495614
 1438.500000   880.000000    29.664794
 1441.500000   782.000000    27.964263
 1444.500000   785.000000    28.017851
 1447.500000   829.000000    28.792360
 1450.500000   823.000000    28.687977
 1453.500000   734.000000    27.092434
 1456.500000   813.000000    28.513155
 1459.500000   819.000000    28.618176
 1462.500000   775.000000    27.838822
 1465.500000   826.000000    28.740216
 1468.500000   763.000000    27.622455
 1471.500000   786.000000    28.035692
 1474.500000   761.000000    27.586228
 1477.500000   766.000000    27.676705
 1480.500000   715.000000    26.739484
 1483.500000   768.000000    27.712813
 1486.500000   779.000000    27.910571
 1489.500000   734.000000    27.092434
 1492.500000   727.000000    26.962938
 1495.500000   773.000000    27.802878
 1498.500000   690.000000    26.267851
 1501.500000   643.000000    25.357445
 1504.500000   760.000000    27.568098
 1507.500000   737.000000    27.147744
 1510.500000   687.000000    26.210685
 1513.500000   678.000000    26.038433
 1516.500000   743.000000    27.258026
 1519.500000   642.000000    25.337719
 1522.500000   681.000000    26.095977
 1525.500000   679.000000    26.057628
 1528.500000   650.000000    25.495098
 1531.500000   677.000000    26.019224
 1534.500000   622.000000    24.939928
 1537.500000   624.000000    24.979992
 1540.500000   623.000000    24.959968
 1543.500000   701.000000    26.476405
 1546.500000   679.000000    26.057628
 1549.500000   672.000000    25.922963
 1552.500000   669.000000    25.865034
 1555.500000   608.000000    24.657656
 1558.500000   605.000000    24.596748
 1561.500000   612.000000    24.738634
 1564.500000   596.000000    24.413111
 1567.500000   611.000000    24.718414
 1570.500000   537.000000    23.173260
 1573.500000   616.000000    24.819347
 1576.500000   607.000000    24.637370
 1579.500000   569.000000    23.853721
 1582.500000   618.000000    24.859606
 1585.500000   593.000000    24.351591
 1588.500000   612.000000    24.738634
 1591.500000   596.000000    24.413111
 1594.500000   533.000000    23.086793
 1597.500000   587.000000    24.228083
 1600.500000   529.000000    23.000000
 1603.500000   523.000000    22.869193
 1606.500000   572.000000    23.916521
 1609.500000   555.000000    23.558438
 1612.500000   553.000000    23.515952
 1615.500000   563.000000    23.727621
 1618.500000   567.000000    23.811762
 1621.500000   519.000000    22.781571
 1624.500000   509.000000    22.561028
 1627.500000   496.000000    22.271057
 1630.500000   512.000000    22.627417
 1633.500000   505.000000    22.472205
 1636.500000   459.000000    21.424285
 1639.500000   506.000000    22.494444
 1642.500000   475.000000    21.794495
 1645.500000   463.000000    21.517435
 1648.500000   486.000000    22.045408
 1651.500000   509.000000    22.561028
 1654.500000   496.000000    22.271057
 1657.500000   468.000000    21.633308
 1660.500000   445.000000    21.095023
 1663.500000   482.000000    21.954498
 1666.500000   453.000000    21.283797
 1669.500000   477.000000    21.840330
 1672.500000   479.000000    21.886069
 1675.500000   440.000000    20.976177
 1678.500000   430.000000    20.736441
 1681.500000   465.000000    21.563859
 1684.500000   474.000000    21.771541
 1687.500000   471.000000    21.702534
 1690.500000   408.000000    20.199010
 1693.500000   472.000000    21.725561
 1696.500000   460.000000    21.447611
 1699.500000   400.000000    20.000000
 1702.500000   454.000000    21.307276
 1705.500000   384.000000    19.595918
 1708.500000   421.000000    20.518285
 1711.500000   429.000000    20.712315
 1714.500000   439.000000    20.952327
 1717.500000   392.000000    19.798990
 1720.500000   391.000000    19.773720
 1723.500000   405.000000    20.124612
 1726.500000   405.000000    20.124612
 1729.500000   395.000000    19.874607
 1732.500000   336.000000    18.330303
 1735.500000   407.000000    20.174241
 1738.500000   349.000000    18.681542
 1741.500000   400.000000    20.000000
 1744.500000   398.000000    19.949937
 1747.500000   363.000000    19.052559
 1750.500000   363.000000    19.052559
 1753.500000   341.000000    18.466185
 1756.500000   371.000000    19.261360
 1759.500000   385.000000    19.621417
 1762.500000   353.000000    18.788294
 1765.500000   325.000000    18.027756
 1768.500000   367.000000    19.157244
 1771.500000   308.000000    17.549929
 1774.500000   323.000000    17.972201
 1777.500000   343.000000    18.520259
 1780.500000   341.000000    18.466185
 1783.500000   365.000000    19.104973
 1786.500000   284.000000    16.852300
 1789.500000   302.000000    17.378147
 1792.500000   340.000000    18.439089
 1795.500000   352.000000    18.761663
 1798.500000   322.000000    17.944358
 1801.500000   335.000000    18.303005
 1804.500000   325.000000    18.027756
 1807.500000   322.000000    17.944358
 1810.500000   306.000000    17.492856
 1813.500000   313.000000    17.691806
 1816.500000   316.000000    17.776389
 1819.500000   304.000000    17.435596
 1822.500000   287.000000    16.941074
 1825.500000   309.000000    17.578396
 1828.500000   304.000000    17.435596
 1831.500000   273.000000    16.522712
 1834.500000   279.000000    16.703293
 1837.500000   264.000000    16.248077
 1840.500000   311.000000    17.635192
 1843.500000   273.000000    16.522712
 1846.500000   259.000000    16.093477
 1849.500000   276.000000    16.613248
 1852.500000   234.000000    15.297059
 1855.500000   269.000000    16.401219
 1858.500000   283.000000    16.822604
 1861.500000   257.000000    16.031220
 1864.500000   285.000000    16.881943
 1867.500000   273.000000    16.522712
 1870.500000   239.000000    15.459625
 1873.500000   239.000000    15.459625
 1876.500000   250.000000    15.811388
 1879.500000   269.000000    16.401219
 1882.500000   234.000000    15.297059
 1885.500000   245.000000    15.652476
 1888.500000   245.000000    15.652476
 1891.500000   228.000000    15.099669
 1894.500000   248.000000    15.748016
 1897.500000   250.000000    15.811388
 1900.500000   236.000000    15.362291
 1903.500000   220.000000    14.832397
 1906.500000   208.000000    14.422205
 1909.500000   251.000000    15.842980
 1912.500000   223.000000    14.933185
 1915.500000   198.000000    14.071247
 1918.500000   253.000000    15.905974
 1921.500000   251.000000    15.842980
 1924.500000   210.000000    14.491377
 1927.500000   221.000000    14.866069
 1930.500000   227.000000    15.066519
 1933.500000   217.000000    14.730920
 1936.500000   197.000000    14.035669
 1939.500000   199.000000    14.106736
 1942.500000   215.000000    14.662878
 1945.500000   199.000000    14.106736
 1948.500000   225.000000    15.000000
 1951.500000   216.000000    14.696938
 1954.500000   209.000000    14.456832
 1957.500000   201.000000    14.177447
 1960.500000   199.000000    14.106736
 1963.500000   198.000000    14.071247
 1966.500000   206.000000    14.352700
 1969.500000   204.000000    14.282857
 1972.500000   179.000000    13.379088
 1975.500000   195.000000    13.964240
 1978.500000   181.000000    13.453624
 1981.500000   176.000000    13.266499
 1984.500000   189.000000    13.747727
 1987.500000   202.000000    14.212670
 1990.500000   194.000000    13.928388
 1993.500000   189.000000    13.747727
 1996.500000   183.000000    13.527749
 1999.500000   183.000000    13.527749
 2002.500000   159.000000    12.609520
 2005.500000   184.000000    13.564660
 2008.500000   208.000000    14.422205
 2011.500000   185.000000    13.601471
 2014.500000   167.000000    12.922848
 2017.500000   145.000000    12.041595
 2020.500000   169.000000    13.000000
 2023.500000   195.000000    13.964240
 2026.500000   171.000000    13.076697
 2029.500000   174.000000    13.190906
 2032.500000   176.000000    13.266499
 2035.500000   189.000000    13.747727
 2038.500000   171.000000    13.076697
 2041.500000   161.000000    12.688578
 2044.500000   136.000000    11.661904
 2047.500000   160.000000    12.649111
 2050.500000   147.000000    12.124356
 2053.500000   160.000000    12.649111
 2056.500000   139.000000    11.789826
 2059.500000   145.000000    12.041595
 2062.500000   146.000000    12.083046
 2065.500000   153.000000    12.369317
 2068.500000   132.000000    11.489125
 2071.500000   156.000000    12.489996
 2074.500000   127.000000    11.269428
 2077.500000   140.000000    11.832160
 2080.500000   149.000000    12.206556
 2083.500000   150.000000    12.247449
 2086.500000   122.000000    11.045361
 2089.500000   150.000000    12.247449
 2092.500000   154.000000    12.409674
 2095.500000   143.000000    11.958261
 2098.500000   130.000000    11.401754
 2101.500000   124.000000    11.135529
 2104.500000   161.000000    12.688578
 2107.500000   142.000000    11.916375
 2110.500000   131.000000    11.445523
 2113.500000   124.000000    11.135529
 2116.500000   139.000000    11.789826
 2119.500000   126.000000    11.224972
 2122.500000   112.000000    10.583005
 2125.500000   132.000000    11.489125
 2128.500000   126.000000    11.224972
 2131.500000   124.000000    11.135529
 2134.500000   124.000000    11.135529
 2137.500000   136.000000    11.661904
 2140.500000   101.000000    10.049876
 2143.500000   120.000000    10.954451
 2146.500000   100.000000    10.000000
 2149.500000   140.000000    11.832160
 2152.500000   107.000000    10.344080
 2155.500000   113.000000    10.630146
 2158.500000   120.000000    10.954451
 2161.500000   125.000000    11.180340
 2164.500000    92.000000     9.591663
 2167.500000   107.000000    10.344080
 2170.500000   117.000000    10.816654
 2173.500000   106.000000    10.295630
 2176.500000   115.000000    10.723805
 2179.500000    89.000000     9.433981
 2182.500000   105.000000    10.246951
 2185.500000   111.000000    10.535654
 2188.500000   109.000000    10.440307
 2191.500000   101.000000    10.049876
 2194.500000   104.000000    10.198039
 2197.500000   109.000000    10.440307
 2200.500000    97.000000     9.848858
 2203.500000   107.000000    10.344080
 2206.500000    99.000000     9.949874
 2209.500000    93.000000     9.643651
 2212.500000    95.000000     9.746794
 2215.500000    91.000000     9.539392
 2218.500000    83.000000     9.110434
 2221.500000   111.000000    10.535654
 2224.500000   100.000000    10.000000
 2227.500000    80.000000     8.944272
 2230.500000    89.000000     9.433981
 2233.500000    71.000000     8.426150
 2236.500000    80.000000     8.944272
 2239.500000    92.000000     9.591663
 2242.500000    97.000000     9.848858
 2245.500000    88.000000     9.380832
 2248.500000    93.000000     9.643651
 2251.500000    69.000000     8.306624
 2254.500000    94.000000     9.695360
 2257.500000    85.000000     9.219544
 2260.500000    82.000000     9.055385
 2263.500000    89.000000     9.433981
 2266.500000    89.000000     9.433981
 2269.500000    89.000000     9.433981
 2272.500000    77.000000     8.774964
 2275.500000    66.000000     8.124038
 2278.500000    78.000000     8.831761
 2281.500000    86.000000     9.273618
 2284.500000    84.000000     9.165151
 2287.500000    67.000000     8.185353
 2290.500000    83.000000     9.110434
 2293.500000    91.000000     9.539392
 2296.500000    76.000000     8.717798
 2299.500000    78.000000     8.831761
 2302.500000    63.000000     7.937254
 2305.500000    65.000000     8.062258
 2308.500000    75.000000     8.660254
 2311.500000    65.000000     8.062258
 2314.500000    89.000000     9.433981
 2317.500000    71.000000     8.426150
 2320.500000    82.000000     9.055385
 2323.500000    83.000000     9.110434
 2326.500000    60.000000     7.745967
 2329.500000    68.000000     8.246211
 2332.500000    68.000000     8.246211
 2335.500000    88.000000     9.380832
 2338.500000    74.000000     8.602325
 2341.500000    78.000000     8.831761
 2344.500000    70.000000     8.366600
 2347.500000    72.000000     8.485281
 2350.500000    71.000000     8.426150
 2353.500000    52.000000     7.211103
 2356.500000    73.000000     8.544004
 2359.500000    67.000000     8.185353
 2362.500000    63.000000     7.937254
 2365.500000    66.000000     8.124038
 2368.500000    61.000000     7.810250
 2371.500000    70.000000     8.366600
 2374.500000    56.000000     7.483315
 2377.500000    68.000000     8.246211
 2380.500000    56.000000     7.483315
 2383.500000    55.000000     7.416198
 2386.500000    54.000000     7.348469
 2389.500000    63.000000     7.937254
 2392.500000    52.000000     7.211103
 2395.500000    58.000000     7.615773
 2398.500000    51.000000     7.141428
 2401.500000    54.000000     7.348469
 2404.500000    60.000000     7.745967
 2407.500000    55.000000     7.416198
 2410.500000    63.000000     7.937254
 2413.500000    60.000000     7.745967
 2416.500000    59.000000     7.681146
 2419.500000    48.000000     6.928203
 2422.500000    60.000000     7.745967
 2425.500000    65.000000     8.062258
 2428.500000    50.000000     7.071068
 2431.500000    49.000000     7.000000
 2434.500000    47.000000     6.855655
 2437.500000    47.000000     6.855655
 2440.500000    44.000000     6.633250
 2443.500000    42.000000     6.480741
 2446.500000    65.000000     8.062258
 2449.500000    43.000000     6.557439
 2452.500000    64.000000     8.000000
 2455.500000    52.000000     7.211103
 2458.500000    54.000000     7.348469
 2461.500000    45.000000     6.708204
 2464.500000    48.000000     6.928203
 2467.500000    56.000000     7.483315
 2470.500000    42.000000     6.480741
 2473.500000    50.000000     7.071068
 2476.500000    61.000000     7.810250
 2479.500000    50.000000     7.071068
 2482.500000    47.000000     6.855655
 2485.500000    49.000000     7.000000
 2488.500000    41.000000     6.403124
 2491.500000    57.000000     7.549834
 2494.500000    42.000000     6.480741
 2497.500000    41.000000     6.403124
 2500.500000    40.000000     6.324555
 2503.500000    41.000000     6.403124
 2506.500000    45.000000     6.708204
 2509.500000    34.000000     5.830952
 2512.500000    46.000000     6.782330
 2515.500000    44.000000     6.633250
 2518.500000    39.000000     6.244998
 2521.500000    49.000000     7.000000
 2524.500000    37.000000     6.082763
 2527.500000    41.000000     6.403124
 2530.500000    23.000000     4.795832
 2533.500000    43.000000     6.557439
 2536.500000    44.000000     6.633250
 2539.500000    34.000000     5.830952
 2542.500000    39.000000     6.244998
 2545.500000    39.000000     6.244998
 2548.500000    51.000000     7.141428
 2551.500000    43.000000     6.557439
 2554.500000    50.000000     7.071068
 2557.500000    34.000000     5.830952
 2560.500000    49.000000     7.000000
 2563.500000    41.000000     6.403124
 2566.500000    43.000000     6.557439
 2569.500000    48.000000     6.928203
 2572.500000    39.000000     6.244998
 2575.500000    27.000000     5.196152
 2578.500000    41.000000     6.403124
 2581.500000    37.000000     6.082763
 2584.500000    30.000000     5.477226
 2587.500000    42.000000     6.480741
 2590.500000    35.000000     5.916080
 2593.500000    28.000000     5.291503
 2596.500000    36.000000     6.000000
 2599.500000    40.000000     6.324555
 2602.500000    24.000000     4.898979
 2605.500000    30.000000     5.477226
 2608.500000    33.000000     5.744563
 2611.500000    28.000000     5.291503
 2614.500000    27.000000     5.196152
 2617.500000    25.000000     5.000000
 2620.500000    33.000000     5.744563
 2623.500000    33.000000     5.744563
 2626.500000    27.000000     5.196152
 2629.500000    29.000000     5.385165
 2632.500000    18.000000     4.242641
 2635.500000    29.000000     5.385165
 2638.500000    25.000000     5.000000
 2641.500000    27.000000     5.196152
 2644.500000    32.000000     5.656854
 2647.500000    30.000000     5.477226
 2650.500000    20.000000     4.472136
 2653.500000    27.000000     5.196152
 2656.500000    35.000000     5.916080
 2659.500000    27.000000     5.196152
 2662.500000    27.000000     5.196152
 2665.500000    29.000000     5.385165
 2668.500000    28.000000     5.291503
 2671.500000    24.000000     4.898979
 2674.500000    22.000000     4.690416
 2677.500000    22.000000     4.690416
 2680.500000    23.000000     4.795832
 2683.500000    27.000000     5.196152
 2686.500000    25.000000     5.000000
 2689.500000    23.000000     4.795832
 2692.500000    33.000000     5.744563
 2695.500000    24.000000     4.898979
 2698.500000    32.000000     5.656854
 2701.500000    32.000000     5.656854
 2704.500000    18.000000     4.242641
 2707.500000    32.000000     5.656854
 2710.500000    27.000000     5.196152
 2713.500000    16.000000     4.000000
 2716.500000    33.000000     5.744563
 2719.500000    24.000000     4.898979
 2722.500000    17.000000     4.123106
 2725.500000    26.000000     5.099020
 2728.500000    22.000000     4.690416
 2731.500000    23.000000     4.795832
 2734.500000    28.000000     5.291503
 2737.500000    21.000000     4.582576
 2740.500000    22.000000     4.690416
 2743.500000    26.000000     5.099020
 2746.500000    29.000000     5.385165
 2749.500000    21.000000     4.582576
 2752.500000    22.000000     4.690416
 2755.500000    19.000000     4.358899
 2758.500000    29.000000     5.385165
 2761.500000    15.000000     3.872983
 2764.500000    20.000000     4.472136
 2767.500000    19.000000     4.358899
 2770.500000    16.000000     4.000000
 2773.500000    21.000000     4.582576
 2776.500000    23.000000     4.795832
 2779.500000    25.000000     5.000000
 2782.500000    27.000000     5.196152
 2785.500000    20.000000     4.472136
 2788.500000    14.000000     3.741657
 2791.500000    19.000000     4.358899
 2794.500000    27.000000     5.196152
 2797.500000    15.000000     3.872983
 2800.500000    31.000000     5.567764
 2803.500000    17.000000     4.123106
 2806.500000    20.000000     4.472136
 2809.500000    16.000000     4.000000
 2812.500000    15.000000     3.872983
 2815.500000    15.000000     3.872983
 2818.500000    22.000000     4.690416
 2821.500000    19.000000     4.358899
 2824.500000    23.000000     4.795832
 2827.500000    17.000000     4.123106
 2830.500000     9.000000     3.000000
 2833.500000    21.000000     4.582576
 2836.500000    19.000000     4.358899
 2839.500000    13.000000     3.605551
 2842.500000    16.000000     4.000000
 2845.500000    15.000000     3.872983
 2848.500000    19.000000     4.358899
 2851.500000    23.000000     4.795832
 2854.500000    17.000000     4.123106
 2857.500000    17.000000     4.123106
 2860.500000    12.000000     3.464102
 2863.500000    25.000000     5.000000
 2866.500000    20.000000     4.472136
 2869.500000    19.000000     4.358899
 2872.500000    14.000000     3.741657
 2875.500000    14.000000     3.741657
 2878.500000    16.000000     4.000000
 2881.500000    12.000000     3.464102
 2884.500000    15.000000     3.872983
 2887.500000    11.000000     3.316625
 2890.500000     9.000000     3.000000
 2893.500000    16.000000     4.000000
 2896.500000    16.000000     4.000000
 2899.500000    15.000000     3.872983
 2902.500000     9.000000     3.000000
 2905.500000    13.000000     3.605551
 2908.500000    11.000000     3.316625
 2911.500000    11.000000     3.316625
 2914.500000    20.000000     4.472136
 2917.500000    14.000000     3.741657
 2920.500000    14.000000     3.741657
 2923.500000    14.000000     3.741657
 2926.500000    10.000000     3.162278
 2929.500000    10.000000     3.162278
 2932.500000    11.000000     3.316625
 2935.500000    10.000000     3.162278
 2938.500000     4.000000     2.000000
 2941.500000    12.000000     3.464102
 2944.500000    13.000000     3.605551
 2947.500000    11.000000     3.316625
 2950.500000    11.000000     3.316625
 2953.500000    10.000000     3.162278
 2956.500000    10.000000     3.162278
 2959.500000    17.000000     4.123106
 2962.500000    11.000000     3.316625
 2965.500000     9.000000     3.000000
 2968.500000    10.000000     3.162278
 2971.500000     7.000000     2.645751
 2974.500000    11.000000     3.316625
 2977.500000    17.000000     4.123106
 2980.500000    13.000000     3.605551
 2983.500000     9.000000     3.000000
 2986.500000    18.000000     4.242641
 2989.500000     7.000000     2.645751
 2992.500000    11.000000     3.316625
 2995.500000     5.000000     2.236068
 2998.500000     4.000000     2.000000
